Muon: 1 19209 224  4982 24.44
Muon: 2 26260 81  6569 24.44
Muon: 3 38253 284  9220 24.44
Muon: 4 39536 295  9455 24.44
Muon: 5 46548 451  10965 24.44
Muon: 6 78929 319  17954 24.44
Muon: 7 106687 408  24127 24.44
Muon: 8 120760 307  27227 24.44
Muon: 9 181961 287  40592 24.44
Muon: 10 184888 334  41256 24.44
Muon: 11 189212 287  42345 24.44
Muon: 12 285995 319  63434 24.44
Muon: 13 318697 448  70684 24.44
Muon: 14 323744 209  71797 24.44
Muon: 15 365703 270  81017 24.44
Muon: 16 368300 348  81672 24.44
Muon: 17 372912 440  82581 24.44
Muon: 18 390860 295  86474 24.44
Muon: 19 410884 321  90917 24.44
Muon: 20 422377 270  93541 24.44
Muon: 21 443213 556  98151 24.44
Muon: 22 464270 33  102840 24.44
Muon: 23 472728 231  104568 24.44
Muon: 24 506917 376  112031 24.44
Muon: 25 542613 327  119951 24.44
Muon: 26 560600 344  123904 24.44
Muon: 27 561905 352  124145 24.44
Muon: 28 565349 319  125039 24.44
Muon: 29 577555 275  127754 24.44
Muon: 30 601345 472  133024 24.44
Muon: 31 604728 135  133692 24.44
Muon: 32 696826 305  153782 24.44
Muon: 33 698915 305  154227 24.44
Muon: 34 709674 60  156678 24.44
Muon: 35 733260 327  161925 24.44
Muon: 36 751655 334  165922 24.44
Muon: 37 773638 174  170750 24.44
Muon: 38 778914 275  171911 24.44
Muon: 39 793428 344  175161 24.44
Muon: 40 813536 316  179595 24.44
Muon: 41 824456 408  182006 24.44
Muon: 42 835808 259  184436 24.44
Muon: 43 843305 329  186172 24.44
Muon: 44 854569 327  188609 24.44
Muon: 45 877314 371  193671 24.44
Muon: 46 892731 211  197005 24.44
Muon: 47 912346 432  201395 24.44
Muon: 48 920625 126  203159 24.44
Muon: 49 939803 310  207312 24.44
Muon: 50 966520 142  213261 24.44
Muon: 51 977852 284  215705 24.44
Muon: 52 982310 462  216799 24.44
Muon: 53 1014718 344  223822 24.44
Muon: 54 1017231 387  224467 24.44
Muon: 55 1102279 344  243095 24.44
Muon: 56 1115513 396  246036 24.44
Muon: 57 1122384 423  247566 24.44
Muon: 58 1129502 332  249069 24.44
Muon: 59 1136382 384  250623 24.44
Muon: 60 1152422 391  254140 24.44
Muon: 61 1170714 368  258128 24.44
Muon: 62 1176421 318  259509 24.44
Muon: 63 1184483 280  261247 24.44
Muon: 64 1199758 504  264566 24.44
Muon: 65 1202316 486  265253 24.44
Muon: 66 1225805 216  270280 24.44
Muon: 67 1298258 487  286283 24.44
Muon: 68 1312859 231  289434 24.44
Muon: 69 1382963 313  304735 24.44
Muon: 70 1442559 344  317884 24.44
Muon: 71 1446849 353  318778 24.44
Muon: 72 1454280 280  320576 24.44
Muon: 73 1465847 83  322970 24.44
Muon: 74 1466848 339  323225 24.44
Muon: 75 1487622 294  327879 24.44
Muon: 76 1527597 44  336634 24.44
Muon: 77 1664273 432  366654 24.44
Muon: 78 1679304 263  369991 24.44
Muon: 79 1707342 156  376115 24.44
Muon: 80 1709917 558  376579 24.44
Muon: 81 1770813 241  389989 24.44
Muon: 82 1828934 312  402746 24.44
Muon: 83 1910800 236  420747 24.44
Muon: 84 1919841 334  422716 24.44
Muon: 85 1928596 480  424679 24.44
Muon: 86 1970327 56  433964 24.44
Muon: 87 1977789 472  435485 24.44
Muon: 88 1981637 376  436367 24.44
Muon: 89 1983669 312  436819 24.44
Muon: 90 2004678 287  441452 24.44
Muon: 91 2009941 316  442540 24.44
Muon: 92 2026399 364  446344 24.44
Muon: 93 2044316 451  450220 24.44
Muon: 94 2059697 337  453563 24.44
Muon: 95 2141285 319  471558 24.44
Muon: 96 2182935 455  480498 24.44
Muon: 97 2189342 240  482084 24.44
Muon: 98 2198217 287  484104 24.44
Muon: 99 2221831 271  489150 24.44
Muon: 100 2266245 319  499012 24.44
Muon: 101 2298369 476  506057 24.44
Muon: 102 2319432 334  510695 24.44
Muon: 103 2328262 359  512703 24.44
Muon: 104 2328884 335  512717 24.44
Muon: 105 2342783 496  515792 24.44
Muon: 106 2416530 284  532057 24.44
Muon: 107 2420769 387  532967 24.44
Muon: 108 2426673 161  534277 24.44
Muon: 109 2429535 268  534940 24.44
Muon: 110 2439997 167  537124 24.44
Muon: 111 2442627 152  537792 24.44
Muon: 112 2446412 353  538696 24.44
Muon: 113 2448698 344  539191 24.44
Muon: 114 2482397 270  546703 24.44
Muon: 115 2508554 352  552395 24.44
Muon: 116 2512476 355  553323 24.44
Muon: 117 2523705 316  555705 24.44
Muon: 118 2534311 335  558171 24.44
Muon: 119 2573543 323  566719 24.44
Muon: 120 2600761 448  572697 24.44
Muon: 121 2612658 385  575324 24.44
Muon: 122 2700412 326  594685 24.44
Muon: 123 2703407 304  595395 24.44
Muon: 124 2714201 344  597826 24.44
Muon: 125 2784562 188  613184 24.44
Muon: 126 2808504 352  618431 24.44
Muon: 127 2845270 476  626622 24.44
Muon: 128 2889334 476  636278 24.44
Muon: 129 2938540 295  647154 24.44
Muon: 130 2957714 518  651285 24.44
Muon: 131 3010380 487  662925 24.44
Muon: 132 3079603 455  678139 24.44
Muon: 133 3088896 240  680091 24.44
Muon: 134 3100590 376  682750 24.44
Muon: 135 3118440 88  686693 24.44
Muon: 136 3122646 248  687581 24.44
Muon: 137 3129395 312  689159 24.44
Muon: 138 3215370 270  708033 24.44
Muon: 139 3241423 432  713793 24.44
Muon: 140 3260725 444  717980 24.44
Muon: 141 3280931 115  722398 24.44
Muon: 142 3317507 319  730555 24.44
Muon: 143 3336276 316  734789 24.44
Muon: 144 3336532 339  734803 24.44
Muon: 145 3410344 63  751024 24.44
Muon: 146 3428895 44  754962 24.44
Muon: 147 3449969 384  759592 24.44
Muon: 148 3521831 295  775367 24.44
Muon: 149 3534456 376  778320 24.44
Muon: 150 3534780 505  778335 24.44
Muon: 151 3558473 319  783598 24.44
Muon: 152 3569837 275  786020 24.44
Muon: 153 3583782 195  789106 24.44
Muon: 154 3586473 103  789785 24.44
Muon: 155 3613945 323  795705 24.44
Muon: 156 3616947 364  796403 24.44
Muon: 157 3617531 332  796638 24.44
Muon: 158 3624651 31  798196 24.44
Muon: 159 3653700 294  804603 24.44
Muon: 160 3695809 339  813778 24.44
Muon: 161 3706723 376  816270 24.44
Muon: 162 3752444 295  826327 24.44
Muon: 163 3760634 448  828142 24.44
Muon: 164 3775605 312  831373 24.44
Muon: 165 3820968 327  841331 24.44
Muon: 166 3824362 327  842198 24.44
Muon: 167 3880359 316  854558 24.44
Muon: 168 3900469 428  858973 24.44
Muon: 169 3962851 355  872658 24.44
Muon: 170 3966289 448  873526 24.44
Muon: 171 3969750 448  874164 24.44
Muon: 172 3979780 304  876369 24.44
Muon: 173 3983338 560  877276 24.44
Muon: 174 3984806 608  877506 24.44
Muon: 175 4027320 312  886956 24.44
Muon: 176 4043876 376  890515 24.44
Muon: 177 4046973 399  891201 24.44
Muon: 178 4067768 527  895808 24.44
Muon: 179 4099705 327  902813 24.44
Muon: 180 4103699 304  903736 24.44
Muon: 181 4119895 280  907211 24.44
Muon: 182 4135505 211  910769 24.44
Muon: 183 4199391 455  924782 24.44
Muon: 184 4215315 376  928357 24.44
Muon: 185 4244405 390  934731 24.44
Muon: 186 4255241 337  937142 24.44
Muon: 187 4258788 352  937803 24.44
Muon: 188 4273316 463  941176 24.44
Muon: 189 4291461 67  945117 24.44
Muon: 190 4317210 465  950782 24.44
Muon: 191 4326284 312  952827 24.44
Muon: 192 4359982 352  960110 24.44
Muon: 193 4371401 334  962706 24.44
Muon: 194 4394938 335  967761 24.44
Muon: 195 4413917 305  971960 24.44
Muon: 196 4425373 143  974600 24.44
Muon: 197 4437582 319  977259 24.44
Muon: 198 4453953 39  980800 24.44
Muon: 199 4495973 344  989982 24.44
Muon: 200 4523982 284  996171 24.44
Muon: 201 4530328 280  997746 24.44
Muon: 202 4536977 472  999013 24.44
Muon: 203 4576222 110  1007842 24.44
Muon: 204 4577289 271  1008104 24.44
Muon: 205 4607485 318  1014690 24.44
Muon: 206 4607644 147  1014704 24.44
Muon: 207 4621735 344  1017771 24.44
Muon: 208 4627600 350  1019143 24.44
Muon: 209 4632927 97  1020233 24.44
Muon: 210 4660861 327  1026402 24.44
Muon: 211 4701954 323  1035452 24.44
Muon: 212 4724857 268  1040520 24.44
Muon: 213 4764625 81  1049289 24.44
Muon: 214 4780759 352  1052817 24.44
Muon: 215 4832335 334  1064251 24.44
Muon: 216 4878589 131  1074403 24.44
Muon: 217 4897480 332  1078593 24.44
Muon: 218 4923364 440  1084304 24.44
Muon: 219 5008375 113  1103007 24.44
Muon: 220 5013239 332  1104161 24.44
Muon: 221 5021510 359  1105886 24.44
Muon: 222 5050208 295  1112262 24.44
Muon: 223 5052865 396  1112743 24.44
Muon: 224 5078808 408  1118445 24.44
Muon: 225 5151584 487  1134517 24.44
Muon: 226 5158698 344  1136070 24.44
Muon: 227 5201000 312  1145253 24.44
Muon: 228 5209551 387  1147285 24.44
Muon: 229 5223565 304  1150364 24.44
Muon: 230 5237419 295  1153484 24.44
Muon: 231 5244631 96  1155022 24.44
Muon: 232 5260535 249  1158522 24.44
Muon: 233 5261428 255  1158783 24.44
Muon: 234 5294634 291  1166064 24.44
Muon: 235 5302353 448  1167841 24.44
Muon: 236 5321228 295  1172031 24.44
Muon: 237 5360229 355  1180623 24.44
Muon: 238 5367742 472  1182148 24.44
Muon: 239 5372424 249  1183274 24.44
Muon: 240 5391749 280  1187470 24.44
Muon: 241 5395654 344  1188356 24.44
Muon: 242 5405366 540  1190584 24.44
Muon: 243 5406363 368  1190814 24.44
Muon: 244 5431386 206  1196314 24.44
Muon: 245 5437344 287  1197645 24.44
Muon: 246 5447319 376  1199856 24.44
Muon: 247 5468930 348  1204526 24.44
Muon: 248 5482382 339  1207556 24.44
Muon: 249 5488608 270  1208900 24.44
Muon: 250 5497559 287  1210902 24.44
Muon: 251 5517886 280  1215266 24.44
Muon: 252 5573886 508  1227589 24.44
Muon: 253 5610914 127  1235820 24.44
Muon: 254 5626806 455  1239294 24.44
Muon: 255 5626825 513  1239308 24.44
Muon: 256 5631927 248  1240440 24.44
Muon: 257 5674645 391  1249938 24.44
Muon: 258 5686320 227  1252581 24.44
Muon: 259 5689279 287  1253240 24.44
Muon: 260 5711691 327  1258064 24.44
Muon: 261 5719221 358  1259861 24.44
Muon: 262 5730771 280  1262262 24.44
Muon: 263 5767584 318  1270444 24.44
Muon: 264 5785623 56  1274413 24.44
Muon: 265 5874597 270  1293913 24.44
Muon: 266 5899917 327  1299474 24.44
Muon: 267 5920629 390  1304107 24.44
Muon: 268 5923301 313  1304809 24.44
Muon: 269 5939462 67  1308282 24.44
Muon: 270 5940783 291  1308525 24.44
Muon: 271 5969622 255  1314899 24.44
Muon: 272 5976263 398  1316505 24.44
Muon: 273 6009448 344  1323793 24.44
Muon: 274 6040377 318  1330581 24.44
Muon: 275 6049362 135  1332563 24.44
Muon: 276 6050901 433  1332772 24.44
Muon: 277 6083556 423  1340052 24.44
Muon: 278 6092422 79  1342110 24.44
Muon: 279 6173372 542  1359851 24.44
Muon: 280 6203634 355  1366434 24.44
Muon: 281 6232739 319  1372794 24.44
Muon: 282 6233646 28  1373026 24.44
Muon: 283 6240944 327  1374579 24.44
Muon: 284 6276001 444  1382242 24.44
Muon: 285 6313933 622  1390646 24.44
Muon: 286 6376997 529  1404511 24.44
Muon: 287 6403548 364  1410469 24.44
Muon: 288 6418367 515  1413744 24.44
Muon: 289 6446509 371  1419890 24.44
Muon: 290 6460638 335  1423009 24.44
Muon: 291 6512366 472  1434434 24.44
Muon: 292 6517370 339  1435595 24.44
Muon: 293 6615892 94  1457085 24.44
Muon: 294 6626443 172  1459525 24.44
Muon: 295 6650805 287  1464799 24.44
Muon: 296 6674410 236  1470079 24.44
Muon: 297 6686288 255  1472750 24.44
Muon: 298 6701921 401  1476069 24.44
Muon: 299 6730395 344  1482458 24.44
Muon: 300 6792824 327  1496080 24.44
Muon: 301 6848460 393  1508364 24.44
Muon: 302 6859648 327  1510826 24.44
Muon: 303 6894550 147  1518541 24.44
Muon: 304 6911471 287  1522299 24.44
Muon: 305 6917789 399  1523631 24.44
Muon: 306 6919668 56  1524133 24.44
Muon: 307 6940515 460  1528747 24.44
Muon: 308 6980872 472  1537588 24.44
Muon: 309 6981320 359  1537792 24.44
Muon: 310 6981539 480  1537807 24.44
Muon: 311 6981873 543  1537821 24.44
Muon: 312 7011918 350  1544467 24.44
Muon: 313 7018369 30  1545977 24.44
Muon: 314 7026852 319  1547764 24.44
Muon: 315 7060462 268  1555275 24.44
Muon: 316 7103419 391  1564692 24.44
Muon: 317 7105694 271  1565145 24.44
Muon: 318 7123201 455  1569156 24.44
Muon: 319 7128947 467  1570226 24.44
Muon: 320 7140421 291  1572892 24.44
Muon: 321 7142920 353  1573355 24.44
Muon: 322 7149399 335  1574890 24.44
Muon: 323 7192574 312  1584336 24.44
Muon: 324 7199277 344  1585908 24.44
Muon: 325 7199935 556  1585922 24.44
Muon: 326 7201844 385  1586421 24.44
Muon: 327 7276756 243  1602821 24.44
Muon: 328 7307203 28  1609640 24.44
Muon: 329 7310842 268  1610331 24.44
Muon: 330 7337852 280  1616304 24.44
Muon: 331 7354871 273  1620058 24.44
Muon: 332 7358618 255  1620945 24.44
Muon: 333 7362000 300  1621610 24.44
Muon: 334 7401698 480  1630461 24.44
Muon: 335 7443418 287  1639679 24.44
Muon: 336 7445477 444  1640132 24.44
