Muon: 1 829 28  789 24.12
Muon: 2 117874 48  26298 24.44
Muon: 3 250327 56  55355 24.44
Muon: 4 348698 31  76800 24.44
Muon: 5 397327 243  87489 24.44
Muon: 6 529681 71  116341 24.44
Muon: 7 574206 71  126202 24.44
Muon: 8 669525 291  146915 24.44
Muon: 9 704754 177  154560 24.44
Muon: 10 801839 44  175795 24.44
Muon: 11 803730 166  176288 24.44
Muon: 12 829436 48  181976 24.44
Muon: 13 860337 28  188800 24.44
Muon: 14 862475 35  189198 24.44
Muon: 15 904332 56  198389 24.44
Muon: 16 994535 33  218089 24.44
Muon: 17 1086258 112  238249 24.44
Muon: 18 1139443 63  249821 24.44
Muon: 19 1172413 79  257057 24.44
Muon: 20 1232748 88  270203 24.44
Muon: 21 1457197 39  319429 24.44
Muon: 22 1561471 71  342163 24.44
Muon: 23 1626918 71  356454 24.44
Muon: 24 1658652 33  363401 24.44
Muon: 25 1693258 30  371050 24.44
Muon: 26 1779642 31  389865 24.44
Muon: 27 1855464 35  406573 24.44
Muon: 28 1868978 127  409378 24.44
Muon: 29 2007641 35  439849 24.44
Muon: 30 2021800 135  442942 24.44
Muon: 31 2032618 28  445350 24.44
Muon: 32 2051912 231  449556 24.44
Muon: 33 2201856 131  482370 24.44
Muon: 34 2241529 156  491116 24.44
Muon: 35 2317817 39  507821 24.44
Muon: 36 2443744 31  535341 24.44
Muon: 37 2445357 88  535827 24.44
Muon: 38 2485456 96  544545 24.44
Muon: 39 2592475 31  568032 24.44
Muon: 40 2665421 35  583976 24.44
Muon: 41 2715854 48  594939 24.44
Muon: 42 2718742 48  595569 24.44
Muon: 43 2774653 83  607802 24.44
Muon: 44 2819819 63  617702 24.44
Muon: 45 2839599 103  622067 24.44
Muon: 46 2868525 30  628432 24.44
Muon: 47 2999363 33  657130 24.44
Muon: 48 3075955 46  673836 24.44
Muon: 49 3310292 96  725214 24.44
Muon: 50 3345241 44  732878 24.44
Muon: 51 3346289 225  733080 24.44
Muon: 52 3366334 63  737497 24.44
Muon: 53 3424366 56  750188 24.44
Muon: 54 3491829 124  764805 24.44
Muon: 55 3514622 31  769875 24.44
Muon: 56 3641470 35  797684 24.44
Muon: 57 3664810 71  802734 24.44
Muon: 58 3668695 80  803629 24.44
Muon: 59 3699950 39  810433 24.44
Muon: 60 3733907 35  817910 24.44
Muon: 61 3736341 46  818631 24.44
Muon: 62 3932989 56  861549 24.44
Muon: 63 3954343 30  866308 24.44
Muon: 64 4050993 35  887357 24.44
Muon: 65 4107928 46  899814 24.44
Muon: 66 4127940 56  904206 24.44
Muon: 67 4241294 92  929147 24.44
Muon: 68 4268534 81  935040 24.44
Muon: 69 4418314 240  967873 24.44
Muon: 70 4431617 83  970721 24.44
Muon: 71 4441858 39  972923 24.23
Muon: 72 4495558 60  984733 24.34
Muon: 73 4543525 33  995235 24.44
Muon: 74 4579558 79  1003095 24.23
Muon: 75 4583262 71  1004000 24.34
Muon: 76 4591458 94  1005764 24.23
Muon: 77 4743869 33  1038974 24.12
Muon: 78 4836472 88  1059319 24.34
Muon: 79 4868656 48  1066387 24.12
Muon: 80 4950298 49  1084318 24.23
Muon: 81 4955535 86  1085445 24.34
Muon: 82 4963583 41  1087155 24.12
Muon: 83 5007766 35  1096845 24.12
Muon: 84 5109417 88  1119111 24.12
Muon: 85 5178284 76  1134230 24.12
Muon: 86 5200730 184  1139047 24.12
Muon: 87 5206372 46  1140357 24.12
Muon: 88 5318636 33  1164840 24.12
Muon: 89 5418952 31  1186730 24.12
Muon: 90 5535433 44  1212275 24.12
Muon: 91 5555421 28  1216732 24.12
Muon: 92 5589379 48  1224111 24.12
Muon: 93 5630197 38  1233117 24.12
Muon: 94 5638657 48  1234923 24.12
Muon: 95 5643906 48  1235999 24.12
Muon: 96 5646669 65  1236643 24.12
Muon: 97 5736478 56  1256348 24.12
Muon: 98 5766408 56  1262889 24.12
Muon: 99 5824927 241  1275602 23.15
Muon: 100 5836360 49  1278293 24.12
Muon: 101 5927573 39  1298237 24.12
Muon: 102 5937409 39  1300409 24.12
Muon: 103 5943439 110  1301744 24.12
Muon: 104 5985671 71  1310972 24.12
Muon: 105 5994523 28  1312924 24.12
Muon: 106 6293691 78  1378504 24.12
Muon: 107 6427818 51  1407831 24.12
Muon: 108 6651762 30  1456869 24.12
Muon: 109 6683658 46  1463918 23.80
Muon: 110 6703685 49  1468302 23.48
Muon: 111 6766735 25  1482120 24.12
Muon: 112 6783405 41  1485838 23.80
Muon: 113 6804555 39  1490510 24.12
Muon: 114 6814464 78  1492656 23.15
Muon: 115 6954827 39  1523364 23.48
Muon: 116 7001393 88  1533705 23.48
Muon: 117 7024643 176  1538710 23.48
Muon: 118 7067940 159  1548157 24.12
Muon: 119 7094765 96  1554074 23.80
Muon: 120 7164905 56  1569421 23.80
Muon: 121 7225979 79  1582829 23.15
Muon: 122 7230960 184  1584142 23.80
Muon: 123 7362537 127  1613051 23.15
Muon: 124 7483211 39  1639654 23.15
Muon: 125 7538440 286  1651723 23.48
Muon: 126 7626352 67  1671017 23.15
Muon: 127 7640545 112  1674042 23.15
Muon: 128 7702794 39  1687683 23.15
Muon: 129 7735773 118  1694953 23.48
Muon: 130 7794349 188  1707918 23.15
Muon: 131 7976625 80  1747850 23.15
Muon: 132 7984717 127  1749589 23.15
Muon: 133 8198641 120  1796616 23.15
Muon: 134 8232565 38  1804038 23.15
Muon: 135 8232648 263  1804047 23.48
Muon: 136 8290431 39  1816735 23.48
Muon: 137 8374489 71  1835164 23.15
Muon: 138 8390776 48  1838668 23.15
Muon: 139 8430783 110  1847477 23.15
Muon: 140 8456274 31  1853210 23.15
Muon: 141 8511277 54  1865280 23.15
Muon: 142 8566614 96  1877338 23.15
Muon: 143 8581624 25  1880584 23.15
Muon: 144 8584572 39  1881226 23.15
Muon: 145 8672386 108  1900482 23.15
Muon: 146 8709616 39  1908716 23.15
Muon: 147 8750823 78  1917625 23.15
Muon: 148 8816793 30  1932124 23.15
Muon: 149 8891823 30  1948550 23.15
Muon: 150 8948279 51  1961058 23.15
Muon: 151 9019480 30  1976646 23.15
Muon: 152 9281731 62  2034062 23.15
Muon: 153 9342457 63  2047422 23.15
Muon: 154 9381648 177  2055944 23.15
Muon: 155 9408997 63  2061903 23.15
Muon: 156 9462467 108  2073728 23.15
Muon: 157 9474555 44  2076399 23.15
Muon: 158 9496436 39  2081199 23.15
Muon: 159 9519624 81  2086245 23.15
Muon: 160 9572650 88  2097860 23.15
Muon: 161 9641702 121  2112970 23.15
Muon: 162 9656667 224  2116285 23.15
Muon: 163 9761197 192  2139402 23.15
Muon: 164 9793431 44  2146440 23.15
Muon: 165 9846973 30  2158063 23.15
Muon: 166 10001303 48  2191965 23.15
Muon: 167 10088769 97  2211097 23.15
Muon: 168 10090818 99  2211512 23.15
Muon: 169 10091376 51  2211751 23.15
Muon: 170 10114695 78  2216830 23.15
Muon: 171 10136595 103  2221684 23.15
Muon: 172 10174548 57  2229990 23.15
Muon: 173 10424638 41  2284819 23.15
Muon: 174 10567410 54  2316139 23.15
Muon: 175 10653789 230  2334944 23.15
Muon: 176 10687942 51  2342447 23.15
Muon: 177 10692560 31  2343536 23.15
Muon: 178 10712303 33  2347903 23.15
Muon: 179 10745964 30  2355207 23.15
Muon: 180 10760796 49  2358557 23.15
Muon: 181 10837846 152  2375406 23.15
Muon: 182 10934530 31  2396726 23.15
Muon: 183 10941395 44  2398224 23.15
Muon: 184 11005426 89  2412254 23.15
Muon: 185 11028442 39  2417287 23.15
Muon: 186 11058452 63  2423934 23.15
Muon: 187 11058515 60  2423944 23.15
Muon: 188 11087707 56  2430288 23.15
Muon: 189 11123531 39  2438208 23.15
Muon: 190 11234284 31  2462564 23.15
Muon: 191 11259795 39  2468072 23.15
Muon: 192 11330905 56  2483630 23.15
Muon: 193 11337702 49  2485155 23.15
Muon: 194 11442568 44  2508214 23.15
Muon: 195 11501947 56  2521130 23.15
Muon: 196 11631802 62  2549621 23.15
Muon: 197 11713552 99  2567563 23.15
Muon: 198 11716253 57  2568245 23.15
Muon: 199 11989221 96  2628099 23.15
Muon: 200 12114713 35  2655513 23.15
Muon: 201 12144646 127  2662114 23.15
Muon: 202 12180778 39  2670070 23.15
Muon: 203 12419296 216  2722382 23.15
Muon: 204 12422882 60  2723073 23.15
Muon: 205 12460566 60  2731401 23.15
Muon: 206 12510254 60  2742381 23.15
Muon: 207 12551314 44  2751424 23.15
Muon: 208 12589626 140  2759721 23.15
Muon: 209 12752344 39  2795497 23.15
Muon: 210 12756980 28  2796361 23.15
Muon: 211 12785756 56  2802789 23.15
Muon: 212 12841853 199  2815028 23.15
Muon: 213 12846715 167  2816200 23.15
Muon: 214 12863907 163  2820021 23.15
Muon: 215 12932924 56  2835116 23.15
Muon: 216 12988545 39  2847383 23.15
Muon: 217 13026702 108  2855709 23.15
Muon: 218 13045474 35  2859887 23.15
Muon: 219 13053280 28  2861655 23.15
Muon: 220 13100554 25  2871975 23.15
Muon: 221 13154782 96  2883826 23.15
Muon: 222 13177283 159  2888938 23.15
Muon: 223 13190383 47  2891760 23.15
Muon: 224 13225730 158  2899458 23.15
Muon: 225 13247469 35  2904257 23.15
Muon: 226 13319927 31  2920102 23.15
Muon: 227 13327352 30  2921822 23.15
Muon: 228 13583537 51  2977939 23.15
Muon: 229 13636534 31  2989563 23.15
Muon: 230 13919726 56  3051608 23.15
Muon: 231 13931577 319  3054216 23.15
Muon: 232 13960379 39  3060603 23.15
Muon: 233 13963772 54  3061257 23.15
Muon: 234 14123527 57  3096356 23.15
Muon: 235 14175705 60  3107774 23.15
Muon: 236 14262638 231  3126858 23.15
Muon: 237 14377960 319  3152133 23.15
Muon: 238 14432717 152  3164161 23.15
Muon: 239 14477868 48  3174046 23.15
Muon: 240 14506815 38  3180402 23.15
Muon: 241 14520688 28  3183530 23.15
Muon: 242 14542443 67  3188379 23.15
Muon: 243 14560313 112  3192288 23.15
Muon: 244 14621370 115  3205723 23.15
Muon: 245 14666417 56  3215536 23.15
Muon: 246 14794457 56  3243630 23.15
Muon: 247 14801536 167  3245159 23.15
Muon: 248 14806910 51  3246269 23.15
Muon: 249 14911298 188  3269356 23.15
Muon: 250 14948250 60  3277440 23.15
Muon: 251 14975815 39  3283352 23.15
Muon: 252 14982211 96  3284873 23.15
Muon: 253 14982283 92  3284883 23.15
Muon: 254 14983291 79  3285121 23.15
Muon: 255 14995337 115  3287810 23.15
Muon: 256 15151992 159  3322029 23.15
Muon: 257 15206677 150  3334100 23.15
Muon: 258 15284617 39  3351277 23.15
Muon: 259 15305454 33  3355907 23.15
Muon: 260 15444951 159  3386366 23.15
Muon: 261 15481621 35  3394486 23.15
Muon: 262 15521837 39  3403222 23.15
Muon: 263 15821531 103  3469010 23.15
Muon: 264 15892334 127  3484603 23.15
Muon: 265 15940561 44  3495143 23.15
Muon: 266 15962849 158  3500032 23.15
Muon: 267 15967963 44  3501095 23.15
Muon: 268 16049694 92  3519093 23.15
Muon: 269 16219451 79  3556368 23.15
Muon: 270 16220613 39  3556615 23.15
Muon: 271 16323780 28  3579121 23.15
Muon: 272 16439937 38  3604555 23.15
Muon: 273 16521744 110  3622501 23.15
Muon: 274 16636321 96  3647737 23.15
Muon: 275 16662442 103  3653469 23.15
Muon: 276 16773283 33  3677851 23.15
Muon: 277 16808537 39  3685508 23.15
Muon: 278 16868367 224  3698640 23.15
Muon: 279 16921604 31  3710308 23.15
Muon: 280 16972431 159  3721484 23.15
Muon: 281 16982384 76  3723745 23.15
Muon: 282 16984336 48  3724172 23.15
Muon: 283 16989271 31  3725324 23.15
Muon: 284 16995761 30  3726581 23.15
Muon: 285 17330375 96  3800051 23.15
Muon: 286 17337961 31  3801582 23.15
Muon: 287 17426319 30  3821077 23.15
Muon: 288 17505478 56  3838360 23.15
Muon: 289 17545537 56  3847139 23.15
Muon: 290 17570687 248  3852612 23.15
Muon: 291 17598701 48  3858790 23.15
Muon: 292 17821844 31  3907643 23.15
Muon: 293 17892701 48  3923215 23.15
Muon: 294 17938972 96  3933324 23.15
Muon: 295 18028869 102  3953079 23.15
Muon: 296 18039416 31  3955547 23.15
Muon: 297 18091558 131  3966950 23.15
Muon: 298 18100420 78  3968912 23.15
Muon: 299 18127327 96  3974824 23.15
Muon: 300 18157708 51  3981425 23.15
Muon: 301 18168488 25  3983837 23.15
Muon: 302 18176852 31  3985619 23.15
Muon: 303 18186276 76  3987799 23.15
Muon: 304 18193390 28  3989308 23.15
Muon: 305 18223301 39  3995933 23.15
Muon: 306 18304916 44  4013735 23.15
Muon: 307 18478783 25  4051858 23.15
Muon: 308 18490779 222  4054522 23.15
Muon: 309 18635501 48  4086380 23.15
Muon: 310 18679446 51  4095977 23.15
Muon: 311 18705945 71  4101729 23.15
Muon: 312 18838933 35  4130820 23.15
Muon: 313 18877747 39  4139343 23.15
Muon: 314 18893234 38  4142913 23.15
Muon: 315 18934301 63  4151876 23.15
Muon: 316 19030681 83  4172979 23.15
Muon: 317 19104513 31  4189150 23.15
Muon: 318 19122428 103  4193169 23.15
Muon: 319 19164310 48  4202301 23.15
Muon: 320 19248875 39  4220755 23.15
Muon: 321 19332775 35  4239215 23.15
Muon: 322 19341547 44  4241201 23.15
Muon: 323 19430922 48  4260750 23.15
Muon: 324 19458821 56  4266904 23.15
Muon: 325 19489963 24  4273704 23.15
Muon: 326 19544768 51  4285800 23.15
Muon: 327 19571480 48  4291691 23.15
Muon: 328 19630502 33  4304624 23.15
Muon: 329 19740359 67  4328774 23.15
Muon: 330 19779986 49  4337352 23.15
Muon: 331 19801484 56  4342163 23.15
Muon: 332 19827883 31  4347883 23.15
Muon: 333 19844802 54  4351594 23.15
Muon: 334 19854360 35  4353814 23.15
Muon: 335 19963600 60  4377773 23.15
Muon: 336 20020308 31  4390285 23.15
Muon: 337 20032895 63  4392989 23.15
Muon: 338 20042527 31  4395178 23.15
Muon: 339 20043632 78  4395381 23.15
Muon: 340 20056651 39  4398265 23.15
Muon: 341 20101823 147  4408102 23.15
Muon: 342 20285603 56  4448568 23.15
Muon: 343 20321405 78  4456447 23.15
Muon: 344 20592949 206  4515841 23.15
Muon: 345 20661379 54  4531052 23.15
Muon: 346 20693638 113  4538063 23.15
Muon: 347 20703839 56  4540294 23.15
Muon: 348 20724571 63  4544858 23.15
Muon: 349 20763788 56  4553452 23.15
Muon: 350 20775518 39  4556117 23.15
Muon: 351 20843699 150  4571015 23.15
Muon: 352 20931259 291  4590357 23.15
Muon: 353 20949595 28  4594302 23.15
Muon: 354 20985424 44  4602252 23.15
Muon: 355 21068548 35  4620453 23.15
Muon: 356 21093324 30  4625988 23.15
Muon: 357 21175345 33  4643970 23.15
Muon: 358 21283363 39  4667714 23.15
Muon: 359 21321831 115  4676044 23.15
Muon: 360 21471524 140  4708983 23.15
Muon: 361 21476688 28  4710134 23.15
Muon: 362 21506944 39  4716707 23.15
Muon: 363 21553728 147  4727014 23.15
Muon: 364 21560756 76  4728552 23.15
Muon: 365 21625427 284  4742826 23.15
Muon: 366 21757329 199  4771805 23.15
Muon: 367 21987327 35  4822325 23.15
Muon: 368 22062871 56  4838787 23.15
Muon: 369 22069405 159  4840327 23.15
Muon: 370 22100784 79  4847180 23.15
Muon: 371 22160259 56  4860371 23.15
Muon: 372 22161789 30  4860582 23.15
Muon: 373 22220791 30  4873554 23.15
Muon: 374 22262647 227  4882711 23.15
Muon: 375 22263853 49  4882948 23.15
Muon: 376 22351424 46  4902273 23.15
Muon: 377 22368938 46  4906053 23.15
Muon: 378 22381798 25  4908865 23.15
Muon: 379 22382814 71  4909088 23.15
Muon: 380 22717260 222  4982510 23.15
Muon: 381 22798913 48  5000332 23.15
Muon: 382 22943739 83  5032080 23.15
Muon: 383 23012658 28  5047230 23.15
Muon: 384 23089440 51  5064127 23.15
Muon: 385 23106565 49  5067958 23.15
Muon: 386 23139313 163  5075158 23.15
Muon: 387 23209572 31  5090542 23.15
Muon: 388 23394567 39  5131105 23.15
Muon: 389 23446981 94  5142610 23.15
Muon: 390 23458966 156  5145207 23.15
Muon: 391 23496848 113  5153539 23.15
Muon: 392 23514208 28  5157488 23.15
Muon: 393 23542367 67  5163648 23.15
Muon: 394 23674974 46  5192624 23.15
Muon: 395 23727752 44  5204209 23.15
Muon: 396 23774668 54  5214594 23.15
Muon: 397 23786829 31  5217293 23.15
Muon: 398 23862891 31  5233902 23.15
Muon: 399 23930216 54  5248850 23.15
Muon: 400 23937273 49  5250385 23.15
Muon: 401 23969632 71  5257357 23.15
Muon: 402 24076563 51  5280901 23.15
Muon: 403 24295296 48  5328887 23.15
Muon: 404 24300314 56  5330042 23.15
Muon: 405 24316588 79  5333526 23.15
Muon: 406 24548600 35  5384473 23.15
Muon: 407 24568797 35  5388822 23.15
Muon: 408 24624634 115  5401103 23.15
Muon: 409 24679398 39  5413178 23.15
Muon: 410 24717260 166  5421520 23.15
Muon: 411 24717663 70  5421530 23.15
Muon: 412 24795594 51  5438664 23.15
Muon: 413 24802303 51  5440202 23.15
Muon: 414 24991812 39  5481591 23.15
Muon: 415 25133442 192  5512744 23.15
Muon: 416 25135846 99  5513223 23.15
Muon: 417 25152654 44  5517002 23.15
Muon: 418 25190927 60  5525303 23.15
Muon: 419 25234434 102  5534968 23.15
Muon: 420 25376558 31  5566156 23.15
Muon: 421 25411664 255  5573863 23.15
Muon: 422 25426264 71  5577152 23.15
Muon: 423 25438747 143  5579804 23.15
Muon: 424 25482434 39  5589473 23.15
Muon: 425 25536827 238  5601303 23.15
Muon: 426 25553410 88  5605099 23.15
Muon: 427 25769264 56  5652421 23.15
Muon: 428 25830593 48  5665835 22.19
Muon: 429 25889764 158  5678817 23.15
Muon: 430 25911461 28  5683595 23.15
Muon: 431 25923961 33  5686255 23.15
Muon: 432 26044382 92  5712719 23.15
Muon: 433 26165629 159  5739259 23.15
Muon: 434 26284864 214  5765441 23.15
Muon: 435 26388289 35  5788223 23.15
Muon: 436 26424853 46  5796166 23.15
Muon: 437 26458792 135  5803681 23.15
Muon: 438 26467857 31  5805617 23.15
Muon: 439 26522828 35  5817744 23.15
Muon: 440 26616317 60  5838313 23.15
Muon: 441 26643983 222  5844217 23.15
Muon: 442 26656865 33  5847110 23.15
Muon: 443 26725193 51  5862191 23.15
Muon: 444 26738340 71  5865074 23.15
Muon: 445 26888336 33  5898010 23.15
Muon: 446 26983789 145  5918801 23.15
Muon: 447 26999539 31  5922372 23.15
Muon: 448 27013229 220  5925419 23.15
Muon: 449 27043897 30  5931967 23.15
Muon: 450 27124986 39  5949818 23.15
Muon: 451 27126695 51  5950458 23.15
Muon: 452 27177996 96  5961642 23.15
Muon: 453 27181671 60  5962515 23.15
Muon: 454 27223252 76  5971789 23.15
Muon: 455 27249651 28  5977512 23.15
Muon: 456 27283668 30  5984961 23.15
Muon: 457 27319482 35  5992852 23.15
Muon: 458 27348968 86  5999191 23.15
Muon: 459 27349745 184  5999440 23.15
Muon: 460 27387482 44  6007773 23.15
Muon: 461 27405822 30  6011724 23.15
Muon: 462 27406954 41  6011957 23.15
Muon: 463 27447242 39  6020994 23.15
Muon: 464 27529401 33  6039033 23.15
Muon: 465 27567609 31  6047433 23.15
Muon: 466 27612547 51  6057289 23.15
Muon: 467 27762231 25  6090127 23.15
Muon: 468 27847738 304  6108792 23.15
Muon: 469 27901851 49  6120636 23.15
Muon: 470 27943745 63  6129897 23.15
Muon: 471 27978911 67  6137532 23.15
Muon: 472 28004887 96  6143253 23.15
Muon: 473 28011546 33  6144796 23.15
Muon: 474 28013919 60  6145246 23.15
Muon: 475 28053568 28  6154040 23.15
Muon: 476 28088514 35  6161694 23.15
Muon: 477 28099868 25  6164133 23.15
Muon: 478 28111344 71  6166820 23.15
Muon: 479 28160207 33  6177574 23.15
Muon: 480 28173194 48  6180441 23.15
Muon: 481 28283517 31  6204591 23.15
Muon: 482 28605713 39  6275204 23.15
Muon: 483 28662449 44  6287707 23.15
Muon: 484 28698834 44  6295616 23.15
Muon: 485 28702806 38  6296519 23.15
Muon: 486 28708820 51  6297857 23.15
Muon: 487 28744997 79  6305738 23.15
Muon: 488 28763924 44  6309934 23.15
Muon: 489 28863675 31  6331820 23.15
Muon: 490 28946597 62  6350046 23.15
Muon: 491 29151930 73  6395040 23.15
Muon: 492 29191209 39  6403906 23.15
Muon: 493 29204224 335  6406746 23.15
Muon: 494 29503524 120  6472486 23.15
Muon: 495 29665553 71  6508041 23.15
Muon: 496 29701613 103  6515969 23.15
Muon: 497 29763335 28  6529563 23.15
Muon: 498 29812981 31  6540282 23.15
Muon: 499 29863238 35  6551432 23.15
Muon: 500 30015870 47  6584872 23.15
Muon: 501 30101195 102  6603700 23.15
Muon: 502 30151554 30  6614693 23.15
Muon: 503 30185441 31  6622162 23.15
Muon: 504 30230981 35  6632024 23.15
Muon: 505 30259665 94  6638611 23.15
Muon: 506 30265751 63  6639921 23.15
Muon: 507 30267980 163  6640413 23.15
Muon: 508 30279964 79  6643038 23.15
Muon: 509 30418583 86  6673515 23.15
Muon: 510 30456487 99  6681876 23.15
Muon: 511 30598829 38  6713048 23.15
Muon: 512 30615999 38  6716825 23.15
Muon: 513 30674251 56  6729754 23.15
Muon: 514 30790980 33  6755163 23.15
Muon: 515 30872988 92  6773135 23.15
Muon: 516 30901555 31  6779527 23.15
Muon: 517 30920714 78  6783732 23.15
Muon: 518 30984762 28  6797823 23.15
Muon: 519 30992350 243  6799547 23.15
Muon: 520 31020211 70  6805730 23.15
Muon: 521 31039759 51  6809933 23.15
Muon: 522 31101663 28  6823507 23.15
Muon: 523 31113273 67  6826126 23.15
Muon: 524 31126681 99  6828968 23.15
Muon: 525 31206275 28  6846555 23.15
Muon: 526 31208218 28  6846983 23.15
Muon: 527 31273539 96  6861243 23.15
Muon: 528 31597464 96  6932314 22.19
Muon: 529 31638623 30  6941414 23.15
Muon: 530 31689756 48  6952572 23.15
Muon: 531 31716669 39  6958519 23.15
Muon: 532 31803626 79  6977610 23.15
Muon: 533 31816629 112  6980478 23.15
Muon: 534 31817248 65  6980679 23.15
Muon: 535 31899702 63  6998638 23.15
Muon: 536 31969948 31  7014028 23.15
Muon: 537 31972464 63  7014715 23.15
Muon: 538 32142896 33  7051990 23.15
Muon: 539 32175214 35  7059234 23.15
Muon: 540 32194980 31  7063387 23.15
Muon: 541 32242505 35  7073951 23.15
Muon: 542 32332599 158  7093688 23.15
Muon: 543 32363645 63  7100507 23.15
Muon: 544 32471783 44  7124177 23.15
Muon: 545 32474764 127  7124896 23.15
Muon: 546 32536316 33  7138527 23.15
Muon: 547 32598258 31  7152190 23.15
Muon: 548 32599310 62  7152415 23.15
Muon: 549 32650271 231  7163610 23.15
Muon: 550 32842401 60  7205769 23.15
Muon: 551 32862273 108  7210180 23.15
Muon: 552 32884786 35  7215018 23.15
Muon: 553 32897655 30  7217865 23.15
Muon: 554 32908965 73  7220282 23.15
Muon: 555 32991473 97  7238552 23.15
Muon: 556 33008597 60  7242251 23.15
Muon: 557 33056358 108  7252850 23.15
Muon: 558 33152942 240  7273957 23.15
Muon: 559 33224783 56  7289782 23.15
Muon: 560 33260762 193  7297726 23.15
Muon: 561 33294377 198  7305176 23.15
Muon: 562 33312517 31  7309198 23.15
Muon: 563 33372393 35  7322361 23.15
Muon: 564 33500821 108  7350363 23.15
Muon: 565 33596915 76  7371521 23.15
Muon: 566 33620217 30  7376790 23.15
Muon: 567 33636928 31  7380318 23.15
Muon: 568 33639502 60  7380954 23.15
Muon: 569 33672860 67  7388232 23.15
Muon: 570 33709637 99  7396392 23.15
Muon: 571 33824569 63  7421604 23.15
Muon: 572 33883688 35  7434625 23.15
Muon: 573 33905505 83  7439381 23.15
Muon: 574 33942807 62  7447540 23.15
Muon: 575 34012762 28  7462889 23.15
Muon: 576 34049645 56  7471023 23.15
Muon: 577 34065419 38  7474567 23.15
Muon: 578 34303566 62  7526739 23.15
Muon: 579 34396593 152  7547210 23.15
Muon: 580 34451389 284  7559273 23.15
Muon: 581 34492981 39  7568253 23.15
Muon: 582 34506567 51  7571398 23.15
Muon: 583 34531691 83  7576815 23.15
Muon: 584 34615620 103  7595295 23.15
Muon: 585 34686665 28  7610976 23.15
Muon: 586 34740383 25  7622835 23.15
Muon: 587 34774545 39  7630290 23.15
Muon: 588 34782676 287  7632052 23.15
Muon: 589 34828924 127  7642159 23.15
Muon: 590 34873252 76  7652102 23.15
Muon: 591 34909818 35  7659964 23.15
Muon: 592 35041280 56  7688912 23.15
Muon: 593 35045682 103  7689815 23.15
Muon: 594 35062821 83  7693548 23.15
Muon: 595 35091682 28  7699908 23.15
Muon: 596 35125720 30  7707388 23.15
Muon: 597 35138858 33  7710257 23.15
Muon: 598 35280615 83  7741385 23.15
Muon: 599 35353518 70  7757475 23.15
Muon: 600 35415241 384  7771117 23.15
Muon: 601 35485603 83  7786483 23.15
Muon: 602 35542955 44  7798970 23.15
Muon: 603 35630743 39  7818343 23.15
Muon: 604 35694784 56  7832353 23.15
Muon: 605 35727803 63  7839681 23.15
Muon: 606 35921993 112  7882197 23.15
Muon: 607 35922722 63  7882420 23.15
Muon: 608 35937802 108  7885705 23.15
Muon: 609 36077618 112  7916542 23.15
Muon: 610 36124454 97  7926896 23.15
Muon: 611 36212569 28  7946238 23.15
Muon: 612 36317942 108  7969303 23.15
Muon: 613 36318966 195  7969558 23.15
Muon: 614 36364820 113  7979748 23.15
Muon: 615 36728720 112  8059834 23.15
Muon: 616 36801345 39  8075844 23.15
Muon: 617 36855556 31  8087725 23.15
Muon: 618 36880554 60  8093164 23.15
Muon: 619 36946331 48  8107678 23.15
Muon: 620 37045414 60  8129440 23.15
Muon: 621 37096878 44  8140672 23.15
Muon: 622 37103918 83  8142176 23.15
Muon: 623 37107280 83  8143049 23.15
Muon: 624 37145218 51  8151465 23.15
Muon: 625 37226929 39  8169293 23.15
Muon: 626 37307845 44  8187077 23.15
Muon: 627 37395716 70  8206410 23.15
Muon: 628 37557694 94  8242025 23.15
Muon: 629 37602552 39  8251882 23.15
Muon: 630 37612219 39  8254154 23.15
Muon: 631 37714484 335  8276542 23.15
Muon: 632 37752459 225  8284970 23.15
Muon: 633 37815330 60  8298776 23.15
Muon: 634 38071321 56  8355021 23.15
Muon: 635 38074743 28  8355669 23.15
Muon: 636 38084583 41  8357912 23.15
Muon: 637 38112262 192  8364046 23.15
Muon: 638 38165558 30  8375738 23.15
Muon: 639 38192286 28  8381730 23.15
Muon: 640 38200323 79  8383511 23.15
Muon: 641 38223799 57  8388531 23.15
Muon: 642 38273351 62  8399546 23.15
Muon: 643 38280386 79  8401064 23.15
Muon: 644 38310620 94  8407635 23.15
Muon: 645 38350918 73  8416529 23.15
Muon: 646 38397364 54  8426861 23.15
Muon: 647 38444447 63  8437179 23.15
Muon: 648 38471302 39  8443154 23.15
Muon: 649 38605721 39  8472677 23.15
Muon: 650 38640742 28  8480362 23.15
Muon: 651 38696214 44  8492688 23.15
Muon: 652 38782865 48  8511682 23.15
Muon: 653 38791796 30  8513679 23.15
Muon: 654 38831438 33  8522511 23.15
Muon: 655 38860698 71  8528881 23.15
Muon: 656 38987377 48  8556774 23.15
Muon: 657 39080321 51  8577221 23.15
Muon: 658 39081896 161  8577479 23.15
Muon: 659 39088936 54  8579055 23.15
Muon: 660 39126855 35  8587414 23.15
Muon: 661 39147440 41  8592064 23.15
Muon: 662 39158240 63  8594470 23.15
Muon: 663 39175806 51  8598258 23.15
Muon: 664 39313205 79  8628618 23.15
Muon: 665 39332736 263  8632749 23.15
Muon: 666 39355217 39  8637887 23.15
Muon: 667 39364705 31  8639855 23.15
Muon: 668 39388729 31  8645115 23.15
Muon: 669 39403928 108  8648502 23.15
Muon: 670 39439486 28  8656417 23.15
Muon: 671 39443547 108  8657304 23.15
Muon: 672 39478386 39  8665013 23.15
Muon: 673 39484639 51  8666371 23.15
Muon: 674 39492596 60  8668146 23.15
Muon: 675 39499440 56  8669680 23.15
Muon: 676 39529677 56  8676314 23.15
Muon: 677 39546660 127  8680051 23.15
Muon: 678 39558552 207  8682662 23.15
Muon: 679 39585299 28  8688687 23.15
Muon: 680 39789698 46  8733563 23.15
Muon: 681 39939466 79  8766646 23.15
Muon: 682 39959797 48  8770969 23.15
Muon: 683 39967934 30  8772773 23.15
Muon: 684 40023913 51  8785104 23.15
Muon: 685 40138626 83  8810384 23.15
Muon: 686 40197427 65  8823382 23.15
Muon: 687 40259534 62  8837027 23.15
Muon: 688 40299612 31  8845790 23.15
Muon: 689 40354230 31  8857848 23.15
Muon: 690 40457279 56  8880575 23.15
Muon: 691 40480221 65  8885671 23.15
Muon: 692 40522628 184  8894928 23.15
Muon: 693 40547240 76  8900420 23.15
Muon: 694 40608508 99  8913830 23.15
Muon: 695 40626407 56  8917868 23.15
Muon: 696 40721799 135  8938661 23.15
Muon: 697 40891404 38  8976142 23.15
Muon: 698 40897816 24  8977499 23.15
Muon: 699 40961737 28  8991589 23.15
Muon: 700 41045511 112  9010063 23.15
Muon: 701 41046239 39  9010290 23.15
Muon: 702 41089888 46  9019725 23.15
Muon: 703 41144218 49  9031876 23.15
Muon: 704 41144551 24  9031888 23.15
Muon: 705 41176232 38  9038905 23.15
Muon: 706 41223965 344  9049337 23.15
Muon: 707 41254440 224  9056156 23.15
Muon: 708 41294869 76  9064923 23.15
Muon: 709 41376965 56  9082970 23.15
Muon: 710 41401221 271  9088466 23.15
Muon: 711 41478988 46  9105498 23.15
Muon: 712 41480920 192  9105965 23.15
Muon: 713 41507841 31  9111909 23.15
Muon: 714 41575632 28  9126800 23.15
Muon: 715 41583478 31  9128575 23.15
Muon: 716 41611567 44  9134721 23.15
Muon: 717 41753549 76  9165925 23.15
Muon: 718 41796394 56  9175448 23.15
Muon: 719 41812806 71  9179019 23.15
Muon: 720 41866519 28  9190895 23.15
Muon: 721 41886324 63  9195332 23.15
Muon: 722 41906690 30  9199735 23.15
Muon: 723 41908404 63  9200170 23.15
Muon: 724 41955524 46  9210517 23.15
Muon: 725 41977293 28  9215337 23.15
Muon: 726 42093436 31  9240807 23.15
Muon: 727 42118787 31  9246349 23.15
Muon: 728 42122792 140  9247242 23.15
Muon: 729 42134723 120  9249896 23.15
Muon: 730 42244241 332  9274127 23.15
Muon: 731 42392918 271  9306729 23.15
Muon: 732 42424978 86  9313751 23.15
Muon: 733 42557419 32  9343236 23.15
Muon: 734 42632388 39  9359726 23.15
Muon: 735 42871615 62  9412315 23.15
Muon: 736 42944520 270  9428335 23.15
Muon: 737 43046400 39  9450855 23.15
Muon: 738 43172781 31  9478486 23.15
Muon: 739 43378466 108  9523864 23.15
Muon: 740 43388275 399  9526055 23.15
Muon: 741 43434374 38  9536156 23.15
Muon: 742 43446564 78  9538834 23.15
Muon: 743 43457287 39  9541232 23.15
Muon: 744 43539403 88  9559310 23.15
Muon: 745 43608773 28  9574529 23.15
Muon: 746 43619617 159  9576985 23.15
Muon: 747 43731717 30  9601638 23.15
Muon: 748 43853892 28  9628529 23.15
Muon: 749 43917719 70  9642596 23.15
Muon: 750 44071659 56  9676463 23.15
Muon: 751 44096345 63  9682020 23.15
Muon: 752 44521520 70  9775395 23.15
Muon: 753 44618290 135  9796755 23.15
Muon: 754 44665879 76  9807115 23.15
Muon: 755 44678601 39  9809925 23.15
Muon: 756 44725358 184  9820325 23.15
Muon: 757 44738566 39  9823197 23.15
Muon: 758 44811672 79  9839259 23.15
Muon: 759 44902543 44  9859305 23.15
Muon: 760 44902826 28  9859316 23.15
Muon: 761 44984660 31  9877395 23.15
Muon: 762 44994254 49  9879591 23.15
Muon: 763 45018237 48  9884892 23.15
Muon: 764 45312205 67  9949523 23.15
Muon: 765 45356513 28  9959249 23.15
Muon: 766 45404251 35  9969826 23.15
Muon: 767 45454234 25  9980798 23.15
Muon: 768 45456263 31  9981257 23.15
Muon: 769 45473723 145  9984947 23.15
Muon: 770 45487612 39  9988083 23.15
Muon: 771 45499000 35  9990487 23.15
Muon: 772 45519201 25  9995144 23.15
Muon: 773 45558398 48  10003760 23.15
Muon: 774 45671214 28  10028620 23.15
Muon: 775 45793608 39  10055453 23.15
Muon: 776 45804817 48  10057926 23.15
Muon: 777 45879789 48  10074398 23.15
Muon: 778 45911917 63  10081460 23.15
Muon: 779 45989726 103  10098617 23.15
Muon: 780 46013350 30  10103913 23.15
Muon: 781 46037882 83  10109210 22.94
Muon: 782 46170611 39  10138462 23.15
Muon: 783 46248983 35  10155561 23.15
Muon: 784 46276291 56  10161784 23.15
Muon: 785 46296823 56  10166169 23.15
Muon: 786 46339764 71  10175696 23.15
Muon: 787 46411733 248  10191522 23.15
Muon: 788 46424373 63  10194404 23.15
Muon: 789 46489841 51  10208688 23.15
Muon: 790 46510619 30  10213320 23.15
Muon: 791 46518986 121  10215096 23.15
Muon: 792 46713914 319  10258069 23.15
Muon: 793 46757359 51  10267737 23.15
Muon: 794 46762810 31  10268869 23.15
Muon: 795 46803330 268  10277856 23.15
Muon: 796 46811826 51  10279612 23.15
Muon: 797 46848401 70  10287826 23.15
Muon: 798 46917222 56  10303034 23.15
Muon: 799 46956352 39  10311634 23.15
Muon: 800 46995351 35  10320294 23.15
Muon: 801 47039495 31  10329890 23.15
Muon: 802 47069219 88  10336526 23.15
Muon: 803 47181739 28  10361163 23.15
Muon: 804 47201608 60  10365553 23.15
Muon: 805 47242805 142  10374607 23.15
Muon: 806 47308801 51  10389215 23.15
Muon: 807 47333761 88  10394675 23.15
Muon: 808 47529555 30  10437760 23.15
Muon: 809 47561233 103  10444831 23.15
Muon: 810 47596574 28  10452589 23.15
Muon: 811 47754429 67  10487292 23.15
Muon: 812 47776260 56  10492206 23.15
Muon: 813 47806959 163  10498830 22.94
Muon: 814 47917678 28  10523261 23.15
Muon: 815 47925317 33  10525031 23.15
Muon: 816 48033892 255  10548805 23.15
Muon: 817 48034824 112  10549059 23.15
Muon: 818 48100830 76  10563616 23.15
Muon: 819 48212796 103  10588218 23.15
Muon: 820 48226192 46  10591260 23.15
Muon: 821 48264433 28  10599618 23.15
Muon: 822 48274277 159  10601900 23.15
Muon: 823 48274562 28  10601912 23.15
Muon: 824 48328245 96  10613804 23.15
Muon: 825 48346665 33  10617782 23.15
Muon: 826 48411492 28  10632097 23.15
Muon: 827 48430247 124  10636277 23.15
Muon: 828 48500935 63  10651722 23.15
Muon: 829 48506230 96  10653065 23.15
Muon: 830 48576234 39  10668415 23.15
Muon: 831 48580404 49  10669313 23.15
Muon: 832 48615974 152  10677038 23.15
Muon: 833 48791361 31  10715888 23.15
Muon: 834 48800920 31  10717817 23.15
Muon: 835 48892342 120  10738062 23.15
Muon: 836 48926419 60  10745553 23.15
Muon: 837 48980718 184  10757472 23.15
Muon: 838 49087888 76  10781067 23.15
Muon: 839 49175247 319  10800439 23.15
Muon: 840 49197528 184  10805334 23.15
Muon: 841 49237692 88  10814138 23.15
Muon: 842 49252713 24  10817409 23.15
Muon: 843 49294807 28  10826697 23.15
Muon: 844 49304798 44  10828881 23.15
Muon: 845 49332243 60  10835103 23.15
Muon: 846 49357705 49  10840611 23.15
Muon: 847 49392976 33  10848260 23.15
Muon: 848 49534990 35  10879509 23.15
Muon: 849 49652779 28  10905459 23.15
Muon: 850 49660830 78  10907231 23.15
Muon: 851 49684846 71  10912590 23.15
Muon: 852 49702426 56  10916550 23.15
Muon: 853 49771280 35  10931728 23.15
Muon: 854 49806668 48  10939434 23.15
Muon: 855 49846948 28  10948294 23.15
Muon: 856 49872383 25  10953986 23.15
Muon: 857 49889391 51  10957729 23.15
Muon: 858 49892812 56  10958387 23.15
Muon: 859 49987770 39  10979344 23.15
Muon: 860 50020991 88  10986613 23.15
Muon: 861 50237573 275  11034424 23.15
Muon: 862 50329211 71  11054639 23.15
Muon: 863 50330231 57  11054840 23.15
Muon: 864 50445734 88  11080249 23.15
Muon: 865 50527242 39  11098279 23.15
Muon: 866 50624357 110  11119568 23.15
Muon: 867 50671734 51  11129963 23.15
Muon: 868 50672212 80  11130196 23.15
Muon: 869 50672380 31  11130206 23.15
Muon: 870 50708346 39  11138148 23.15
Muon: 871 50757676 51  11148941 23.15
Muon: 872 50853965 172  11170026 23.15
Muon: 873 50904942 38  11181243 23.15
Muon: 874 50986338 31  11199360 23.15
Muon: 875 51010373 31  11204656 23.15
Muon: 876 51051554 48  11213636 23.15
Muon: 877 51057770 44  11215031 23.15
Muon: 878 51083408 38  11220795 23.15
Muon: 879 51123628 33  11229580 23.15
Muon: 880 51126363 49  11230239 23.15
Muon: 881 51172506 31  11240410 23.15
Muon: 882 51228294 135  11252661 23.15
Muon: 883 51261500 79  11260017 23.15
Muon: 884 51320459 44  11272950 23.15
Muon: 885 51450379 348  11301520 23.15
Muon: 886 51461223 71  11303975 23.15
Muon: 887 51480749 28  11308137 23.15
Muon: 888 51536852 39  11320433 23.15
Muon: 889 51601739 56  11334810 23.15
Muon: 890 51696507 28  11355717 23.15
Muon: 891 51718395 31  11360606 23.15
Muon: 892 51722525 44  11361466 23.15
Muon: 893 52110680 56  11446831 23.15
Muon: 894 52152192 60  11456062 23.15
Muon: 895 52202876 39  11467133 23.15
Muon: 896 52257623 60  11479209 23.15
Muon: 897 52483746 49  11528915 23.15
Muon: 898 52553691 152  11544276 23.15
Muon: 899 52788760 31  11596063 23.15
Muon: 900 52867347 131  11613448 23.15
Muon: 901 53032777 255  11649827 23.15
Muon: 902 53043632 63  11652249 23.15
Muon: 903 53175508 99  11681306 23.15
Muon: 904 53259853 35  11699842 23.15
Muon: 905 53347717 28  11719195 23.15
Muon: 906 53367240 156  11723645 23.15
Muon: 907 53432873 44  11737965 23.15
Muon: 908 53476825 39  11747639 23.15
Muon: 909 53529240 56  11759323 23.15
Muon: 910 53540862 96  11761793 23.15
Muon: 911 53588303 71  11772276 23.15
Muon: 912 53651671 35  11786166 23.15
Muon: 913 53666966 30  11789398 23.15
Muon: 914 53746760 38  11807053 23.15
Muon: 915 53824746 31  11824266 23.15
Muon: 916 53833965 96  11826218 23.15
Muon: 917 53925619 71  11846662 23.15
Muon: 918 54099252 48  11884937 23.15
Muon: 919 54357819 209  11941702 23.15
Muon: 920 54423826 48  11956231 23.15
Muon: 921 54469628 70  11966369 23.15
Muon: 922 54649209 39  12006020 22.94
Muon: 923 54729279 172  12023550 23.15
Muon: 924 54846249 92  12049362 23.15
Muon: 925 54884997 71  12057713 23.15
Muon: 926 54949237 31  12071992 23.15
Muon: 927 54973662 48  12077283 23.15
Muon: 928 55056620 30  12095525 23.15
Muon: 929 55067866 56  12097988 23.15
Muon: 930 55075198 48  12099854 23.15
Muon: 931 55141435 67  12114328 23.15
Muon: 932 55396505 35  12170381 23.15
Muon: 933 55408662 38  12173032 23.15
