--
### UWU'fied CosmicWatch
### date time Event Atime[ms] ADC[0-1023] Deadtime[ms] Temp[C]
-- Detector name: UwU OwO
1 7564 48 1958 9.30
2 10662 70 2654 9.30
3 11262 35 2853 9.30
4 12386 79 3069 9.30
5 13911 30 3302 9.30
6 15987 31 3743 9.30
7 19913 44 4620 9.30
8 23482 48 5507 9.30
9 36922 231 8419 9.30
10 37299 152 8666 9.30
11 38533 192 8865 9.30
12 41708 60 9542 9.30
13 42359 97 9743 9.30
14 43532 152 9961 9.30
15 44484 184 10196 9.30
16 45555 78 10448 9.30
17 50322 167 11527 9.30
18 53988 56 12225 9.51
19 57298 207 13126 9.62
20 58239 192 13337 9.62
21 58947 102 13348 9.62
22 60679 182 13810 9.94
23 67669 76 15341 10.59
24 69671 31 15780 10.59
25 70400 131 15998 10.59
26 72549 184 16474 10.59
27 74582 280 16886 10.59
28 74835 71 16897 10.59
29 75436 63 17134 10.59
30 77212 92 17582 10.59
31 80399 56 18277 10.59
32 81918 147 18484 10.59
33 84964 417 19191 10.59
34 87364 31 19850 10.59
35 88412 291 20111 10.59
36 89754 51 20324 10.59
37 90377 39 20553 10.59
38 98825 60 22264 10.59
39 100849 71 22706 10.80
40 104787 159 23585 10.59
41 107547 295 24280 11.23
42 111868 112 25177 11.23
43 113215 176 25601 11.23
44 120692 35 27198 11.88
45 121890 127 27428 11.88
46 126251 254 28530 11.88
47 126612 158 28541 11.88
48 127738 48 28745 11.88
49 130774 211 29428 11.88
50 132827 56 29842 11.88
51 136224 179 30729 11.88
52 136566 252 30740 11.88
53 136974 97 30751 11.88
54 138739 30 31237 11.88
55 140757 33 31659 11.88
56 141937 163 31901 11.88
57 142597 216 32160 11.88
58 143518 63 32371 11.88
59 146951 337 33082 11.88
60 150204 71 33938 11.88
61 150701 192 33949 11.88
62 152675 204 34385 11.88
63 152786 103 34396 11.88
64 153249 192 34648 11.88
65 162518 304 36585 11.88
66 162619 62 36596 11.88
67 165229 31 37291 11.88
68 165883 30 37302 11.88
69 170776 30 38398 11.88
70 170822 78 38409 11.88
71 173202 31 39119 11.88
72 173358 28 39130 11.88
73 174748 169 39342 11.88
74 178786 88 40197 11.88
75 183905 199 41281 11.88
76 184628 60 41532 11.88
77 187432 79 42167 11.88
78 187517 152 42178 11.88
79 188289 28 42434 11.88
80 190211 192 42848 11.88
81 190497 167 42859 11.88
82 195749 193 43980 11.88
83 195824 199 43991 11.88
84 196484 63 44249 11.88
85 198209 224 44673 11.88
86 199257 44 44916 11.88
87 199949 108 44927 11.88
88 201338 127 45387 11.88
89 204312 163 46100 11.88
90 205496 83 46314 11.88
91 205551 30 46325 11.88
92 205781 71 46336 11.88
93 205927 344 46347 11.88
94 207239 188 46818 11.88
95 210457 384 47444 11.88
96 210707 96 47455 11.88
97 211977 44 47705 11.88
98 212232 355 47906 11.88
99 213857 190 48124 12.20
100 214965 48 48359 12.09
101 217579 588 49014 12.20
102 218683 188 49252 12.09
103 220479 108 49702 12.20
104 222767 120 50154 12.20
105 223261 335 50411 12.20
106 224708 70 50620 12.20
107 225918 103 50845 12.20
108 225956 112 50856 12.20
109 226206 73 51102 12.20
110 227372 56 51361 12.20
111 228870 236 51572 12.20
112 229422 49 51800 12.20
113 229844 192 51811 12.20
114 230511 108 52056 12.20
115 231771 339 52318 12.20
116 231988 190 52329 12.20
117 239344 209 54041 12.20
118 240964 63 54259 12.20
119 240981 231 54270 12.20
120 243323 81 54938 12.20
121 243663 39 54949 12.20
122 245857 31 55395 12.20
123 247209 99 55843 12.20
124 248274 127 56068 12.20
125 250387 393 56552 12.20
126 250569 33 56563 12.41
127 253291 295 57213 12.41
128 255414 63 57671 12.84
129 255577 359 57682 12.63
130 255616 262 57693 12.84
131 255992 51 57704 12.63
132 262197 280 59254 12.84
133 263437 312 59469 12.84
134 263595 152 59480 12.84
135 266986 115 60139 12.84
136 269195 76 60819 12.84
137 270194 159 61021 12.84
138 270223 252 61032 12.84
139 274715 158 61915 12.84
140 276622 99 62365 12.84
141 276839 49 62376 12.84
142 277468 56 62631 12.84
143 279910 192 63051 12.84
144 281925 211 63539 12.84
145 283795 39 63963 12.84
146 286898 67 64655 12.84
147 287529 28 64883 12.84
148 287913 60 64894 12.84
149 288508 312 65139 12.84
150 289234 35 65401 12.84
151 289542 638 65412 12.84
152 290399 31 65626 12.84
153 293815 161 66280 12.84
154 293993 224 66294 12.84
155 295207 63 66732 12.84
156 295420 57 66743 12.84
157 295655 204 66754 12.84
158 299755 44 67627 12.84
159 300763 35 67879 12.84
160 303823 371 68519 12.84
161 305538 54 68969 12.84
162 308344 339 69667 12.84
163 311734 163 70320 12.84
164 312433 24 70579 12.84
165 312559 312 70590 12.84
166 312861 216 70601 12.84
167 315715 192 71263 12.84
168 317638 255 71730 12.84
169 318999 28 71961 12.84
170 319592 103 72208 12.84
171 320359 440 72408 12.84
172 320693 30 72420 12.84
173 322237 319 72856 12.84
174 323574 33 73106 12.84
175 325210 28 73512 13.16
176 328992 140 74178 12.84
177 330438 204 74625 12.84
178 330660 216 74637 13.16
179 332455 56 75086 12.84
180 336197 83 75977 13.49
181 340262 192 76877 13.81
182 341862 92 77105 13.49
183 342301 287 77351 13.81
184 342732 319 77363 13.81
185 343860 147 77625 13.81
186 344463 31 77838 13.81
187 345702 71 78067 13.81
188 347490 206 78565 13.81
189 349671 384 79002 13.81
190 351798 31 79440 13.81
191 351936 323 79451 13.81
192 352626 65 79669 13.81
193 353868 76 79902 13.81
194 354202 159 80152 13.81
195 355546 71 80355 13.81
196 356452 71 80574 13.81
197 356697 396 80585 13.81
198 358592 67 81066 13.81
199 358757 368 81077 13.81
200 359577 28 81282 13.81
201 360501 199 81503 13.81
202 364752 199 82395 13.92
203 364970 78 82407 13.92
204 366285 127 82893 13.92
205 368744 268 83318 14.02
206 370525 359 83811 14.02
207 370928 88 83823 14.02
208 371564 56 84059 14.13
209 376534 79 85193 14.13
210 376550 103 85204 14.13
211 376737 56 85216 14.13
212 376772 56 85227 14.13
213 377561 204 85477 14.13
214 379362 504 85882 14.02
215 380245 56 86116 14.13
216 381680 185 86366 14.13
217 382343 113 86568 14.13
218 383503 172 86787 14.13
219 384837 391 87022 14.13
220 387497 163 87677 14.13
221 388201 48 87915 14.13
222 389879 163 88169 14.13
223 392414 31 88817 14.13
224 392773 163 88841 14.13
225 393584 88 89099 14.13
226 393883 96 89110 14.13
227 394208 248 89318 14.13
228 394651 195 89332 14.13
229 398637 79 90237 14.13
230 399959 188 90464 14.13
231 403829 28 91380 14.13
232 404800 31 91627 14.13
233 406533 31 92030 14.13
234 408694 62 92501 14.13
235 413853 312 93562 14.13
236 415362 103 94009 14.13
237 416418 176 94264 14.13
238 425873 339 96239 14.13
239 427867 348 96707 14.13
240 428463 259 96969 14.13
241 430757 339 97400 14.13
242 432234 207 97901 14.13
243 432270 31 97913 14.13
244 432787 174 97924 14.13
245 433479 352 98138 14.13
246 438587 304 99224 14.13
247 438654 432 99236 14.13
248 444784 224 100546 14.13
249 445217 444 100768 14.13
250 445569 44 100780 14.13
251 445899 318 100792 14.13
252 449320 28 101682 14.13
253 449412 176 101694 14.13
254 452658 248 102379 14.13
255 452907 60 102391 14.13
256 453894 254 102617 14.13
257 454460 124 102863 14.13
258 458405 460 103775 14.13
259 459913 327 104038 14.13
260 462959 25 104707 14.13
261 463384 310 104906 14.13
262 464444 76 105123 14.13
263 474789 99 107326 14.13
264 476660 112 107743 14.13
265 476890 70 107755 14.13
266 480791 184 108651 14.13
267 481321 30 108894 14.13
268 482459 44 109154 14.13
269 482953 248 109166 14.13
270 484617 94 109593 14.13
271 489454 48 110744 14.13
272 489930 147 110756 14.13
273 491659 305 111159 14.13
274 492346 39 111392 14.13
275 496242 369 112259 14.13
276 496308 35 112271 14.13
277 499413 158 112922 14.13
278 500998 71 113159 14.13
279 501344 81 113413 14.13
280 501386 115 113425 14.13
281 503192 167 113842 14.13
282 504646 231 114082 14.13
283 505485 33 114339 14.13
284 506556 359 114547 14.13
285 507398 224 114772 14.13
286 508283 83 115016 14.13
287 508386 63 115028 14.13
288 510886 184 115485 14.13
289 511516 432 115712 14.13
290 512442 35 115956 14.13
291 512514 112 115968 14.13
292 513435 143 116229 14.13
293 513787 222 116241 14.13
294 515732 39 116672 14.13
295 515896 204 116684 14.13
296 516252 384 116931 14.13
297 517558 115 117195 14.13
298 521364 271 118055 14.13
299 522950 25 118272 14.13
300 523205 49 118508 14.13
301 525962 30 118950 14.13
302 526285 48 119169 14.13
303 526826 71 119181 14.13
304 529441 156 119851 14.13
305 530922 352 120073 14.13
306 532450 71 120556 14.13
307 532519 384 120568 14.13
308 534204 254 120987 14.13
309 534785 48 120999 14.13
310 535261 376 121240 14.13
311 539530 112 122143 14.13
312 539945 275 122155 14.13
313 543777 255 123067 14.13
314 545501 35 123534 14.13
315 545682 70 123546 14.13
316 545746 255 123558 14.13
317 546237 387 123789 14.13
318 546885 35 123801 14.13
319 547410 323 124049 14.13
320 551514 60 124914 14.13
321 551660 145 124926 14.13
322 554744 319 125559 14.13
323 559413 76 126682 14.13
324 559653 704 126694 14.13
325 560760 231 126901 14.13
326 561630 60 127124 14.35
327 562344 56 127364 14.13
328 562785 142 127376 14.35
329 564735 56 127832 14.35
330 568216 163 128734 14.56
331 569774 57 128962 14.56
332 574392 39 130111 14.35
333 576405 408 130512 14.35
334 577313 403 130745 14.13
335 581519 63 131613 15.42
336 581638 96 131625 15.10
337 582714 81 131877 14.78
338 584590 46 132288 15.42
339 587271 71 132960 15.74
340 587495 344 132972 15.42
341 587963 268 132984 15.74
342 588479 255 133207 15.74
343 597420 56 135225 15.42
344 598887 96 135486 15.74
345 600385 39 135915 15.74
346 601654 63 136161 15.74
347 602500 31 136424 15.74
348 606318 30 137281 15.74
349 606834 31 137293 15.74
350 609492 56 137971 15.74
351 609519 135 137983 15.74
352 609988 167 137995 15.74
353 610551 31 138198 15.74
354 612187 177 138641 15.74
355 612277 192 138653 15.74
356 613430 110 138906 15.74
357 613694 414 138918 15.74
358 616389 76 139562 15.74
359 621216 300 140699 15.74
360 622409 110 140909 15.74
361 625565 83 141614 15.74
362 626630 48 141825 15.74
363 627753 48 142053 15.74
364 627906 48 142065 15.74
365 629694 51 142560 15.74
366 634462 39 143620 15.74
367 636350 208 144091 15.74
368 636450 28 144103 15.74
369 636698 295 144115 15.74
370 638443 78 144524 15.74
371 638712 780 144536 15.74
372 638965 88 144550 15.74
373 639349 54 144784 15.74
374 639431 48 144795 15.74
375 639880 79 144806 15.74
376 640223 56 145058 15.74
377 645459 38 146133 15.74
378 649660 376 147024 15.74
379 650661 127 147249 15.74
380 655787 48 148387 15.74
381 657970 302 148849 15.74
382 659824 304 149314 15.74
383 662998 56 150001 15.74
384 663355 76 150250 15.74
385 664346 48 150449 15.74
386 664906 44 150460 15.74
387 668723 255 151332 15.74
388 669245 67 151551 15.74
389 669334 38 151562 15.74
390 670200 371 151798 15.74
391 671407 78 152051 15.74
392 672200 312 152255 15.74
393 674401 71 152703 15.74
394 674557 252 152714 15.74
395 678953 103 153608 15.74
396 679272 81 153866 15.74
397 679448 92 153877 15.74
398 679651 248 153888 15.74
399 687816 60 155695 15.74
400 687929 80 155706 15.74
401 688198 44 155922 15.74
402 689512 56 156152 15.74
403 689852 231 156163 15.74
404 691306 65 156600 15.74
405 692439 39 156816 15.74
406 692875 99 156827 15.74
407 698853 167 158161 15.74
408 701421 115 158800 15.74
409 701527 113 158812 15.74
410 702658 38 159067 15.74
411 703771 31 159272 15.74
412 704352 35 159494 15.74
413 704842 227 159505 15.74
414 706761 216 160016 15.74
415 709554 57 160670 15.96
416 712915 56 161347 16.17
417 713811 231 161591 16.17
418 716648 49 162274 16.17
419 718913 190 162707 16.17
420 720238 184 163144 16.17
421 720707 39 163156 16.17
422 721574 284 163405 16.17
423 724482 30 164036 16.39
424 725310 273 164287 16.17
425 725628 92 164299 16.17
426 728884 39 164934 16.39
427 729469 172 165187 16.17
428 729959 110 165199 16.39
429 731502 127 165616 16.17
430 732338 28 165858 16.39
431 733585 355 166114 16.39
432 734356 63 166322 16.39
433 734640 56 166333 16.39
434 735330 209 166557 16.39
435 736551 185 166799 16.39
436 741579 401 167956 16.39
437 741618 216 167968 16.39
438 742258 281 168181 16.39
439 743796 28 168411 16.39
440 745248 38 168909 16.39
441 747200 182 169343 16.39
442 753432 163 170641 16.39
443 756803 41 171328 16.39
444 760360 99 172213 16.39
445 761619 408 172418 16.39
446 762919 30 172643 16.39
447 763251 652 172896 16.39
448 764493 415 173154 16.39
449 768409 120 174060 16.39
450 769985 192 174272 16.39
451 777902 255 176037 16.39
452 779230 240 176510 16.39
453 779275 284 176522 16.39
454 780702 184 176724 16.39
455 782618 238 177167 16.39
456 782696 167 177179 16.39
457 783984 364 177432 16.39
458 785236 46 177846 16.39
459 785624 112 177860 16.39
460 787675 536 178341 16.39
461 789554 25 178760 16.39
462 789629 385 178771 16.39
463 791418 96 179258 16.39
464 792667 216 179466 16.39
465 794415 135 179923 16.39
466 800542 376 181283 16.39
467 801871 156 181514 16.39
468 806328 65 182612 16.39
469 806619 103 182623 16.49
470 807800 352 182824 16.39
471 809307 31 183265 16.39
472 812419 137 183915 16.49
473 812499 78 183929 16.49
474 813968 46 184165 16.49
475 815660 179 184613 16.49
476 815716 355 184625 16.49
477 816273 273 184848 16.60
478 817208 255 185088 16.71
479 817504 71 185100 16.49
480 820925 30 185765 16.60
481 823586 62 186452 16.71
482 823830 454 186471 16.60
483 826203 56 187181 16.71
484 827666 120 187392 16.71
485 829469 112 187857 16.71
486 833353 217 188781 16.71
487 835696 352 189186 16.71
488 835848 259 189200 16.71
489 836237 172 189434 16.71
490 837206 71 189685 16.71
491 837396 147 189696 16.71
492 838467 39 189899 16.71
493 839229 176 190117 16.71
494 840358 184 190354 16.71
495 840936 62 190366 16.71
496 844436 188 191248 16.71
497 844514 188 191260 16.71
498 844986 35 191272 16.71
499 845735 71 191527 16.71
500 846460 88 191733 16.71
501 847789 366 191956 16.71
502 849638 248 192445 16.71
503 855402 48 193766 16.71
504 855669 56 193777 16.71
505 857356 30 194271 16.71
506 858630 49 194484 16.71
507 859534 327 194714 16.71
508 860649 44 194961 16.71
509 864236 211 195822 16.71
510 864463 103 195833 16.71
511 864593 102 195844 16.71
512 865820 30 196045 16.71
513 867356 48 196485 16.71
514 867505 31 196496 16.71
515 869752 76 196939 16.71
516 872731 63 197631 16.71
517 875829 51 198276 16.71
518 876336 83 198532 16.71
519 881859 271 199629 16.71
520 882760 30 199857 16.71
521 888490 300 201192 16.71
522 891309 131 201867 16.71
523 892596 35 202068 16.71
524 896307 71 202940 16.71
525 896381 51 202951 16.71
526 896778 271 202963 16.71
527 897312 179 203183 16.71
528 900389 319 203856 16.71
529 900770 304 203868 16.71
530 901550 67 204091 16.71
