--
### UWU'fied CosmicWatch
### date time Event Atime[ms] ADC[0-1023] Deadtime[ms] Temp[C]
-- Detector name: UwU OwO
1 16424 352 3946 20.90
2 50605 304 11635 20.90
3 55661 255 13031 20.90
4 63233 220 14775 20.90
5 90724 384 20693 20.90
6 161497 497 36229 19.61
7 191898 399 42826 19.61
8 195895 195 43739 19.61
9 231278 142 51579 19.61
10 247567 371 55102 19.18
11 316349 435 70231 17.35
12 318635 39 70706 17.35
13 321657 280 71345 17.35
14 334625 240 74264 17.25
15 353976 304 78377 16.71
16 451395 472 99884 16.39
17 482984 387 106657 16.39
18 489940 319 108178 16.17
19 494978 60 109270 15.96
20 526643 433 116324 15.74
21 561392 353 124046 15.74
22 564602 423 124727 15.74
23 578258 359 127747 15.74
24 604593 504 133510 14.88
25 620780 271 137073 14.13
26 623550 35 137740 14.13
27 710625 344 156740 14.13
28 725259 480 160019 14.13
29 741255 423 163518 14.13
30 806759 401 177767 14.13
31 817343 319 180245 14.13
32 840879 254 185234 14.13
33 867222 352 191171 13.81
