--
### UWU'fied CosmicWatch
### date time Event Atime[ms] ADC[0-1023] Deadtime[ms] Temp[C]
-- Detector name: UwU OwO
Muon: 1 358 6  832 17.35
Muon: 2 588 240  840 17.35
Muon: 3 1285 163  1036 17.35
Muon: 4 1376 99  1045 17.35
Muon: 5 3913 31  1478 17.35
Muon: 6 8335 62  2582 17.78
Muon: 7 9267 172  2786 17.57
Muon: 8 9377 63  2795 17.78
Muon: 9 9998 127  2804 17.57
Muon: 10 12402 62  3488 18.00
Muon: 11 13782 152  3691 18.00
Muon: 12 14780 462  3911 18.00
Muon: 13 14990 25  3920 18.00
Muon: 14 15488 99  4164 18.00
Muon: 15 15599 248  4226 18.00
Muon: 16 16828 184  4480 18.00
Muon: 17 19830 32  5133 18.00
Muon: 18 20665 56  5393 18.00
Muon: 19 21924 92  5600 18.00
Muon: 20 24974 94  6306 18.00
Muon: 21 25339 44  6516 18.00
Muon: 22 26308 103  6743 18.00
Muon: 23 31234 207  7837 18.00
Muon: 24 32358 326  8035 18.00
Muon: 25 33906 255  8252 18.00
Muon: 26 35717 70  8724 18.00
Muon: 27 37317 241  9132 18.00
Muon: 28 38204 56  9366 18.00
Muon: 29 38761 54  9375 18.00
Muon: 30 39722 63  9627 18.00
Muon: 31 40350 88  9892 18.00
Muon: 32 41816 263  10113 18.00
Muon: 33 43416 184  10593 18.00
Muon: 34 47347 60  11488 18.00
Muon: 35 47635 280  11497 18.00
Muon: 36 48242 312  11704 18.00
Muon: 37 48691 238  11713 18.00
Muon: 38 48789 167  11722 18.00
Muon: 39 48906 227  11731 18.00
Muon: 40 50333 316  12187 18.00
Muon: 41 51866 472  12445 18.00
Muon: 42 51921 39  12454 18.00
Muon: 43 52286 120  12663 18.00
Muon: 44 52438 105  12672 18.00
Muon: 45 53833 39  12898 18.64
Muon: 46 54244 348  13142 18.32
Muon: 47 56322 28  13663 18.64
Muon: 48 59580 28  14315 18.32
Muon: 49 61691 81  14750 19.39
Muon: 50 62904 62  14997 19.39
Muon: 51 63253 176  15196 19.18
Muon: 52 63765 227  15205 19.61
Muon: 53 63976 135  15214 19.61
Muon: 54 65539 94  15654 19.61
Muon: 55 68996 102  16305 19.61
Muon: 56 69437 80  16540 19.61
Muon: 57 71564 209  16986 19.61
Muon: 58 72926 56  17207 19.61
Muon: 59 73381 263  17444 19.61
Muon: 60 74595 76  17699 19.61
Muon: 61 76716 48  18125 19.61
Muon: 62 77384 60  18419 19.61
Muon: 63 77651 31  18428 19.61
Muon: 64 79000 211  18685 19.61
Muon: 65 79441 44  18893 19.61
Muon: 66 81676 96  19355 19.61
Muon: 67 81739 366  19364 19.61
Muon: 68 84970 88  20044 19.61
Muon: 69 85619 199  20288 19.61
Muon: 70 87532 108  20688 19.61
Muon: 71 91193 56  21551 19.61
Muon: 72 91465 112  21560 19.61
Muon: 73 91923 48  21571 19.61
Muon: 74 93343 48  22043 19.61
Muon: 75 94435 31  22243 19.61
Muon: 76 94753 56  22252 19.61
Muon: 77 95433 88  22470 19.61
Muon: 78 96512 96  22766 19.61
Muon: 79 97522 231  23017 19.61
Muon: 80 98801 94  23220 19.61
Muon: 81 98835 60  23229 19.61
Muon: 82 102563 76  24116 19.61
Muon: 83 102644 198  24125 19.61
Muon: 84 102877 167  24134 19.61
Muon: 85 103808 51  24358 19.61
Muon: 86 107660 271  25257 19.61
Muon: 87 107928 92  25266 19.61
Muon: 88 108235 224  25507 19.61
Muon: 89 108704 291  25516 19.61
Muon: 90 109836 115  25774 19.61
Muon: 91 110452 28  25984 19.61
Muon: 92 116787 268  27292 19.61
Muon: 93 118638 198  27701 19.61
Muon: 94 119481 92  27984 19.61
Muon: 95 123964 49  28855 19.61
Muon: 96 124648 280  29106 19.61
Muon: 97 125676 408  29312 19.61
Muon: 98 126634 188  29531 19.61
Muon: 99 126942 159  29540 19.61
Muon: 100 126953 172  29549 19.61
Muon: 101 127879 124  29785 19.61
Muon: 102 128274 339  30038 19.61
Muon: 103 129526 487  30243 19.61
Muon: 104 133848 220  31142 19.61
Muon: 105 134348 300  31366 19.61
Muon: 106 135215 48  31607 19.61
Muon: 107 135294 63  31616 19.61
Muon: 108 137460 88  32079 19.61
Muon: 109 138416 99  32362 19.61
Muon: 110 138629 161  32371 19.61
Muon: 111 142858 220  33287 19.61
Muon: 112 147191 35  34387 19.61
Muon: 113 149417 63  34793 19.61
Muon: 114 149758 172  34802 19.61
Muon: 115 150918 32  35035 19.61
Muon: 116 152832 248  35479 19.61
Muon: 117 153740 536  35698 19.61
Muon: 118 153969 44  35707 19.61
Muon: 119 155522 28  36185 19.61
Muon: 120 157845 252  36601 19.61
Muon: 121 158409 364  36839 19.61
Muon: 122 158527 127  36850 19.61
Muon: 123 160464 103  37357 19.61
Muon: 124 160510 192  37366 19.61
Muon: 125 160607 152  37375 19.61
Muon: 126 160864 150  37384 19.61
Muon: 127 160902 99  37393 19.61
Muon: 128 164547 76  38344 19.61
Muon: 129 166446 83  38802 19.61
Muon: 130 167215 62  39061 19.61
Muon: 131 169492 28  39491 19.61
Muon: 132 170299 44  39736 19.61
Muon: 133 170759 115  39745 19.61
Muon: 134 173430 44  40366 19.61
Muon: 135 173526 73  40375 19.61
Muon: 136 173598 25  40384 19.61
Muon: 137 175236 184  40822 19.61
Muon: 138 175771 60  40889 19.61
Muon: 139 175976 371  40898 19.61
Muon: 140 177832 76  41336 19.61
Muon: 141 177876 206  41345 19.61
Muon: 142 179363 48  41786 19.61
Muon: 143 179697 65  41795 19.61
Muon: 144 181503 57  42238 19.61
Muon: 145 182869 519  42489 19.61
Muon: 146 184244 56  42903 19.61
Muon: 147 184260 67  42912 19.61
Muon: 148 185268 35  43149 19.61
Muon: 149 188738 24  43812 19.61
Muon: 150 190999 248  44298 19.61
Muon: 151 192578 158  44721 19.61
Muon: 152 192638 184  44741 19.61
Muon: 153 192728 49  44806 19.61
Muon: 154 193715 115  45047 19.61
Muon: 155 194389 263  45306 19.61
Muon: 156 195656 28  45516 19.61
Muon: 157 197268 63  45982 19.61
Muon: 158 200315 39  46666 19.61
Muon: 159 200699 216  46675 19.61
Muon: 160 201240 35  46921 19.61
Muon: 161 201846 39  46930 19.61
Muon: 162 202496 63  47127 19.61
Muon: 163 204344 153  47563 19.61
Muon: 164 205428 96  47816 19.61
Muon: 165 205720 359  47825 19.61
Muon: 166 205808 199  47834 19.61
Muon: 167 206737 463  48036 19.61
Muon: 168 207421 112  48315 19.61
Muon: 169 208374 176  48549 19.61
Muon: 170 209549 88  48800 19.61
Muon: 171 213540 172  49683 19.61
Muon: 172 214662 35  49887 19.61
Muon: 173 216260 44  50337 19.61
Muon: 174 216351 33  50346 19.72
Muon: 175 219301 60  51015 19.61
Muon: 176 220850 96  51256 19.61
Muon: 177 221438 97  51513 19.72
Muon: 178 224716 255  52173 19.72
Muon: 179 225222 323  52433 19.61
Muon: 180 226251 216  52644 19.61
Muon: 181 228718 76  53108 19.72
Muon: 182 231427 355  53733 19.82
Muon: 183 234731 79  54435 19.93
Muon: 184 235871 120  54668 20.25
Muon: 185 236624 115  54918 19.93
Muon: 186 239286 243  55554 19.93
Muon: 187 241426 31  56005 19.93
Muon: 188 242761 304  56225 19.93
Muon: 189 242821 304  56234 19.93
Muon: 190 244582 39  56718 19.82
Muon: 191 246500 51  57138 19.93
Muon: 192 246597 92  57147 19.93
Muon: 193 247819 112  57387 19.93
Muon: 194 248473 67  57644 20.25
Muon: 195 250221 131  58068 20.58
Muon: 196 253704 152  58762 20.58
Muon: 197 255613 49  59227 20.90
Muon: 198 261228 236  60538 20.25
Muon: 199 261624 159  60547 20.58
Muon: 200 261639 145  60556 20.58
Muon: 201 263727 63  61030 20.90
Muon: 202 263916 71  61039 20.90
Muon: 203 264459 63  61240 20.58
Muon: 204 266276 33  61684 20.90
Muon: 205 272429 88  63009 20.58
Muon: 206 272568 179  63018 20.58
Muon: 207 274570 124  63470 20.90
Muon: 208 276954 143  63925 20.90
Muon: 209 278960 39  64383 20.90
Muon: 210 279000 248  64392 20.58
Muon: 211 280200 143  64851 20.90
Muon: 212 280820 78  64866 20.90
Muon: 213 281644 147  65147 20.90
Muon: 214 283955 47  65643 20.90
Muon: 215 283979 248  65652 20.90
Muon: 216 293889 67  67803 20.90
Muon: 217 294304 49  68054 20.90
Muon: 218 296752 25  68466 20.90
Muon: 219 298425 240  68946 20.90
Muon: 220 301640 184  69594 20.90
Muon: 221 302253 371  69850 20.90
Muon: 222 302766 83  69859 20.90
Muon: 223 303426 35  70066 20.90
Muon: 224 303776 422  70075 20.90
Muon: 225 304275 67  70299 20.90
Muon: 226 304591 152  70310 20.90
Muon: 227 305265 63  70607 20.90
Muon: 228 305298 455  70616 20.90
Muon: 229 305523 291  70625 20.90
Muon: 230 308721 184  71300 20.90
Muon: 231 309384 135  71543 20.90
Muon: 232 309802 384  71552 20.90
Muon: 233 310280 83  71812 20.90
Muon: 234 312323 79  72242 20.90
Muon: 235 312479 30  72251 20.90
Muon: 236 312723 31  72260 20.90
Muon: 237 313392 304  72505 20.90
Muon: 238 316253 176  73129 20.90
Muon: 239 316420 54  73138 20.90
Muon: 240 316486 46  73147 20.90
Muon: 241 317614 41  73395 20.90
Muon: 242 317720 368  73466 20.90
Muon: 243 317904 207  73475 20.90
Muon: 244 318449 255  73674 20.90
Muon: 245 319198 88  73890 20.90
Muon: 246 319540 145  73899 20.90
Muon: 247 320658 79  74132 20.90
Muon: 248 321594 504  74382 20.90
Muon: 249 321969 48  74391 20.90
Muon: 250 322691 222  74592 20.90
Muon: 251 324908 76  75038 20.90
Muon: 252 324942 83  75047 20.90
Muon: 253 326454 94  75494 20.90
Muon: 254 326915 108  75503 20.90
Muon: 255 328277 415  75957 20.90
Muon: 256 329764 31  76214 20.90
Muon: 257 330846 79  76478 20.90
Muon: 258 331974 145  76701 20.90
Muon: 259 332866 184  76945 20.90
Muon: 260 334452 35  77401 20.90
Muon: 261 338724 199  78311 20.90
Muon: 262 340312 39  78775 20.90
Muon: 263 340632 28  78784 20.90
Muon: 264 340778 121  78793 20.90
Muon: 265 346417 268  80047 20.90
Muon: 266 346736 152  80058 20.90
Muon: 267 349427 83  80722 20.90
Muon: 268 349551 156  80731 20.90
Muon: 269 351717 425  81175 20.90
Muon: 270 352841 71  81427 20.90
Muon: 271 353355 49  81632 20.90
Muon: 272 356902 199  82390 20.90
Muon: 273 360751 73  83285 20.90
Muon: 274 362207 88  83707 20.90
Muon: 275 363745 120  83948 20.90
Muon: 276 365209 344  84408 20.90
Muon: 277 366923 159  84635 20.90
Muon: 278 367640 193  84879 20.90
Muon: 279 368730 291  85140 20.90
Muon: 280 369353 63  85352 20.90
Muon: 281 370890 366  85581 20.90
Muon: 282 371357 35  85827 20.90
Muon: 283 371727 31  85836 20.90
Muon: 284 371797 291  85845 20.90
Muon: 285 372374 408  86043 20.90
Muon: 286 373702 127  86260 20.90
Muon: 287 374533 63  86549 20.90
Muon: 288 375200 216  86797 20.90
Muon: 289 375470 243  86806 20.90
Muon: 290 377391 271  87214 20.90
Muon: 291 378464 35  87448 20.90
Muon: 292 378998 536  87457 20.90
Muon: 293 379934 179  87707 20.90
Muon: 294 381572 25  88119 20.90
Muon: 295 381725 448  88128 20.90
Muon: 296 381881 56  88137 20.90
Muon: 297 383564 39  88617 20.90
Muon: 298 387778 184  89508 20.90
Muon: 299 390901 31  90162 20.90
Muon: 300 392710 44  90621 20.90
Muon: 301 392840 302  90687 20.90
Muon: 302 393516 131  90916 20.90
Muon: 303 393858 275  90925 20.90
Muon: 304 395414 63  91419 20.90
Muon: 305 397648 31  91849 20.90
Muon: 306 398456 335  92094 20.90
Muon: 307 398788 167  92103 20.90
Muon: 308 399001 207  92112 20.90
Muon: 309 400975 348  92514 20.90
Muon: 310 401725 51  92745 20.90
Muon: 311 405980 88  93613 20.90
Muon: 312 406555 70  93863 20.90
Muon: 313 406767 236  93872 20.90
Muon: 314 406991 44  93881 20.90
Muon: 315 407369 399  94083 20.90
Muon: 316 409693 206  94579 20.90
Muon: 317 409993 305  94592 20.90
Muon: 318 410944 62  94844 20.90
Muon: 319 414282 216  95735 20.90
Muon: 320 414507 176  95744 20.90
Muon: 321 416368 135  96164 20.90
Muon: 322 416851 127  96173 20.90
Muon: 323 420661 337  97076 20.90
Muon: 324 421407 78  97318 20.90
Muon: 325 423337 35  97778 20.90
Muon: 326 423425 227  97789 20.90
Muon: 327 425735 280  98253 20.90
Muon: 328 426398 56  98449 20.90
Muon: 329 427310 248  98662 20.90
Muon: 330 427827 355  98672 20.90
Muon: 331 431411 254  99587 20.90
Muon: 332 433381 83  100062 20.90
Muon: 333 434001 39  100071 20.90
Muon: 334 434354 56  100271 20.90
Muon: 335 436250 206  100713 20.90
Muon: 336 437333 224  100964 20.90
Muon: 337 440981 415  101606 20.90
Muon: 338 441920 62  101864 20.90
Muon: 339 443529 65  102282 20.90
Muon: 340 445611 248  102768 20.90
Muon: 341 446431 384  102975 20.90
Muon: 342 448433 63  103431 20.90
Muon: 343 450974 348  103889 20.90
Muon: 344 451274 49  104116 20.90
Muon: 345 452581 152  104362 20.90
Muon: 346 453723 30  104673 20.90
Muon: 347 454318 143  104885 20.90
Muon: 348 457835 295  105543 20.90
Muon: 349 458267 67  105757 20.90
Muon: 350 460462 60  106227 20.90
Muon: 351 461407 207  106426 20.90
Muon: 352 465920 33  107303 20.90
Muon: 353 471798 167  108629 20.90
Muon: 354 471920 240  108638 20.90
Muon: 355 471966 33  108647 20.90
Muon: 356 472754 71  108902 20.90
Muon: 357 473504 35  109108 20.90
Muon: 358 474275 25  109331 20.90
Muon: 359 474365 108  109341 20.90
Muon: 360 476676 57  109883 20.90
Muon: 361 477798 46  110092 20.90
Muon: 362 478466 99  110318 20.90
Muon: 363 478700 121  110336 20.90
Muon: 364 478976 38  110345 20.90
Muon: 365 479490 147  110588 20.90
Muon: 366 480933 39  110848 20.90
Muon: 367 481910 243  111059 20.90
Muon: 368 484796 248  111711 20.90
Muon: 369 485514 414  111925 20.90
Muon: 370 485866 199  111934 20.90
Muon: 371 488406 62  112593 20.90
Muon: 372 488674 172  112602 20.90
Muon: 373 490841 81  113044 20.90
Muon: 374 494848 39  113979 20.90
Muon: 375 495757 127  114231 20.90
Muon: 376 495837 79  114240 20.90
Muon: 377 497354 204  114654 20.90
Muon: 378 497901 156  114666 20.90
Muon: 379 498525 31  114903 20.90
Muon: 380 499523 115  115161 20.90
Muon: 381 499972 35  115170 20.90
Muon: 382 500277 35  115376 20.90
Muon: 383 502191 94  115828 20.90
Muon: 384 508697 96  117183 20.90
Muon: 385 509592 56  117410 21.11
Muon: 386 509853 49  117419 20.90
Muon: 387 512683 96  118120 21.33
Muon: 388 516274 352  118983 20.90
Muon: 389 518763 63  119508 20.90
Muon: 390 523861 71  120576 21.11
Muon: 391 524240 96  120795 20.90
Muon: 392 524860 88  120804 21.33
Muon: 393 525442 451  121043 20.90
Muon: 394 526228 31  121297 20.90
Muon: 395 526606 231  121306 20.90
Muon: 396 528623 163  121724 21.11
Muon: 397 529303 176  121963 21.11
Muon: 398 529686 79  121976 21.11
Muon: 399 529841 112  121985 21.11
Muon: 400 530324 56  122241 21.11
Muon: 401 531302 41  122448 21.11
Muon: 402 531523 211  122459 21.11
Muon: 403 531603 487  122526 20.90
Muon: 404 532279 63  122750 21.11
Muon: 405 532349 327  122759 21.33
Muon: 406 533414 56  123000 21.11
Muon: 407 534423 48  123258 21.11
Muon: 408 536490 454  123687 20.90
Muon: 409 536769 153  123700 21.11
Muon: 410 537312 167  123943 21.11
Muon: 411 537789 174  123952 21.11
Muon: 412 538328 35  124212 21.11
Muon: 413 539881 28  124423 21.33
Muon: 414 540346 71  124651 21.11
Muon: 415 541287 47  124896 21.11
Muon: 416 543367 263  125302 21.54
Muon: 417 543590 28  125312 21.11
Muon: 418 548356 44  126454 21.33
Muon: 419 549301 46  126704 21.11
Muon: 420 550328 79  126905 21.54
Muon: 421 550412 44  126914 21.33
Muon: 422 551218 227  127132 21.54
Muon: 423 551409 108  127144 21.33
Muon: 424 551760 56  127153 21.11
Muon: 425 552690 216  127388 21.11
Muon: 426 555930 48  128047 21.33
Muon: 427 558565 28  128727 21.54
Muon: 428 558696 88  128740 21.11
Muon: 429 559521 207  128963 21.33
Muon: 430 560269 152  129203 21.54
Muon: 431 560906 161  129219 21.54
Muon: 432 561644 88  129528 21.54
Muon: 433 562973 399  129736 21.33
Muon: 434 563478 199  129962 21.54
Muon: 435 572591 163  131963 21.54
Muon: 436 573802 30  132162 21.54
Muon: 437 574666 103  132377 21.54
Muon: 438 577211 236  133044 21.54
Muon: 439 578861 92  133266 21.54
Muon: 440 579451 152  133500 21.54
Muon: 441 582929 184  134157 21.54
Muon: 442 583596 51  134394 21.54
Muon: 443 586789 65  135057 21.54
Muon: 444 587513 352  135296 21.54
Muon: 445 587612 48  135305 21.54
Muon: 446 589211 327  135760 21.54
Muon: 447 589899 65  135821 21.54
Muon: 448 590800 46  136045 21.54
Muon: 449 590962 207  136054 21.54
Muon: 450 591763 159  136296 21.54
Muon: 451 592215 63  136559 21.54
Muon: 452 594271 38  136987 21.54
Muon: 453 595856 33  137234 21.54
Muon: 454 595951 323  137243 21.54
Muon: 455 596001 127  137252 21.54
Muon: 456 598455 216  137936 21.54
Muon: 457 598467 35  137945 21.54
Muon: 458 600418 44  138382 21.54
Muon: 459 600747 284  138391 21.54
Muon: 460 600835 332  138401 21.54
Muon: 461 603457 211  139131 21.54
Muon: 462 603551 49  139140 21.54
Muon: 463 604537 86  139344 21.54
Muon: 464 607620 35  140027 21.54
Muon: 465 607765 312  140036 21.54
Muon: 466 609198 211  140448 21.54
Muon: 467 611271 63  140928 21.54
Muon: 468 611909 167  140940 21.54
Muon: 469 616541 30  142030 21.54
Muon: 470 617647 465  142253 21.54
Muon: 471 618781 159  142494 21.54
Muon: 472 619847 33  142752 21.54
Muon: 473 621630 339  143178 21.54
Muon: 474 621869 271  143190 21.54
Muon: 475 621998 31  143256 21.54
Muon: 476 625478 231  144171 21.54
Muon: 477 625515 92  144180 21.54
Muon: 478 625745 167  144189 21.54
Muon: 479 627247 33  144622 21.54
Muon: 480 627627 280  144631 21.54
Muon: 481 632690 56  145703 21.54
Muon: 482 632731 280  145714 21.54
Muon: 483 633921 30  145950 21.54
Muon: 484 640419 391  147477 21.54
Muon: 485 641823 51  147715 21.54
Muon: 486 641835 63  147724 21.54
Muon: 487 643390 131  148175 21.54
Muon: 488 647764 184  149076 21.54
Muon: 489 649225 352  149536 21.54
Muon: 490 649434 487  149598 21.54
Muon: 491 650192 135  149857 21.54
Muon: 492 653540 384  150522 21.54
Muon: 493 658398 255  151574 21.54
Muon: 494 660496 24  152012 21.54
Muon: 495 660686 176  152021 21.54
Muon: 496 660749 255  152030 21.76
Muon: 497 660823 51  152039 21.54
Muon: 498 663554 25  152690 21.54
Muon: 499 664426 176  152924 21.54
Muon: 500 666388 31  153369 21.54
Muon: 501 666993 236  153378 21.76
Muon: 502 668752 56  153825 21.54
Muon: 503 669410 71  154080 21.54
Muon: 504 671959 211  154556 21.54
Muon: 505 672522 44  154795 21.76
Muon: 506 672922 204  154804 21.54
Muon: 507 675756 28  155473 21.54
Muon: 508 676785 231  155714 21.54
Muon: 509 677306 92  155972 21.54
Muon: 510 678724 243  156181 21.54
Muon: 511 679260 83  156408 21.76
Muon: 512 679783 312  156417 21.54
Muon: 513 682746 28  157119 21.54
Muon: 514 683254 48  157348 21.76
Muon: 515 684641 35  157594 21.54
Muon: 516 684701 48  157603 21.54
Muon: 517 685355 67  157804 21.54
Muon: 518 686361 159  158020 21.76
Muon: 519 690195 79  158942 21.54
Muon: 520 691668 355  159175 21.76
Muon: 521 693227 143  159619 21.76
Muon: 522 694697 39  159838 21.76
Muon: 523 697836 230  160513 21.54
Muon: 524 698611 39  160734 21.76
Muon: 525 699544 224  160972 21.76
Muon: 526 700930 28  161227 21.54
Muon: 527 701514 220  161433 21.76
Muon: 528 701576 318  161450 21.76
Muon: 529 704479 176  162154 21.54
Muon: 530 704543 184  162163 21.54
Muon: 531 704609 332  162172 21.76
Muon: 532 706227 63  162599 21.97
Muon: 533 707353 60  162893 21.76
Muon: 534 707696 39  162902 21.76
Muon: 535 708578 56  163162 21.76
Muon: 536 708892 432  163171 21.54
Muon: 537 709892 396  163382 21.76
Muon: 538 710658 305  163610 21.97
Muon: 539 711620 319  163855 22.19
Muon: 540 711848 252  163864 21.76
Muon: 541 711940 268  163873 21.97
Muon: 542 712262 120  164070 21.76
Muon: 543 714974 71  164509 22.19
Muon: 544 715197 39  164756 21.97
Muon: 545 715643 195  164765 21.97
Muon: 546 716704 83  164967 22.19
Muon: 547 717551 71  165233 21.97
Muon: 548 718244 179  165465 21.97
Muon: 549 719754 56  165715 21.76
Muon: 550 721293 63  166125 21.76
Muon: 551 721580 63  166134 21.97
Muon: 552 725274 156  167017 21.97
Muon: 553 726422 31  167255 21.97
Muon: 554 726436 62  167264 22.19
Muon: 555 726510 152  167273 21.97
Muon: 556 726536 255  167282 21.97
Muon: 557 726824 92  167291 21.76
Muon: 558 729557 199  167959 22.19
Muon: 559 729621 152  167972 22.19
Muon: 560 730646 158  168212 21.97
Muon: 561 730718 103  168222 21.76
Muon: 562 733229 312  168946 21.97
Muon: 563 735316 51  169438 21.97
Muon: 564 740448 67  170491 21.97
Muon: 565 742599 120  170957 22.19
Muon: 566 744574 184  171361 22.19
Muon: 567 745231 359  171593 22.19
Muon: 568 745274 412  171602 22.19
Muon: 569 747586 163  172042 21.97
Muon: 570 752247 263  173131 22.19
Muon: 571 752745 88  173144 22.19
Muon: 572 753706 49  173380 22.19
Muon: 573 754494 39  173636 22.19
Muon: 574 754558 440  173645 21.97
Muon: 575 758403 30  174543 21.97
Muon: 576 761705 28  175253 22.19
Muon: 577 761946 57  175262 22.19
Muon: 578 761962 312  175271 22.19
Muon: 579 763250 60  175730 22.19
Muon: 580 763662 31  175739 22.19
Muon: 581 763738 39  175748 22.19
Muon: 582 765300 199  176208 22.19
Muon: 583 765981 24  176219 22.19
Muon: 584 766794 63  176479 22.19
Muon: 585 766841 236  176488 22.19
Muon: 586 767636 188  176700 22.19
Muon: 587 767965 92  176709 22.19
Muon: 588 772463 83  177792 22.19
Muon: 589 772880 364  177801 22.19
Muon: 590 774762 179  178241 22.19
Muon: 591 774855 28  178302 22.19
Muon: 592 775302 198  178518 22.19
Muon: 593 776250 39  178751 22.19
Muon: 594 779656 163  179404 22.19
Muon: 595 779871 435  179417 22.19
Muon: 596 780712 33  179653 22.19
Muon: 597 781349 86  179905 22.19
Muon: 598 783576 63  180321 22.19
Muon: 599 783632 102  180330 22.19
Muon: 600 783971 207  180339 22.19
Muon: 601 784409 415  180577 22.19
Muon: 602 784552 135  180590 22.19
Muon: 603 785227 135  180848 22.19
Muon: 604 786320 120  181059 22.19
Muon: 605 786600 51  181126 22.19
Muon: 606 786806 399  181135 22.19
Muon: 607 786964 188  181144 22.19
Muon: 608 788193 39  181598 22.19
Muon: 609 789871 263  181855 22.19
Muon: 610 790954 51  182064 22.19
Muon: 611 790982 79  182073 22.19
Muon: 612 791395 497  182298 22.19
Muon: 613 794572 188  182994 22.19
Muon: 614 800406 248  184308 22.19
Muon: 615 802255 31  184714 22.19
Muon: 616 803704 56  184946 22.19
Muon: 617 804475 108  185195 22.19
Muon: 618 810933 159  186491 22.19
Muon: 619 811261 94  186778 22.19
Muon: 620 811467 252  186787 22.19
Muon: 621 813796 440  187238 22.19
Muon: 622 814361 88  187461 22.19
Muon: 623 814730 135  187470 22.19
Muon: 624 817718 56  188157 22.19
Muon: 625 818841 152  188382 22.19
Muon: 626 819002 39  188391 22.19
Muon: 627 819448 30  188633 22.19
Muon: 628 819632 195  188642 22.19
Muon: 629 822551 103  189320 22.19
Muon: 630 823251 323  189568 22.19
Muon: 631 824789 56  189829 22.19
Muon: 632 825819 51  190041 22.19
Muon: 633 827551 49  190513 22.19
Muon: 634 828617 71  190769 22.19
Muon: 635 829198 56  190984 22.19
Muon: 636 829666 120  190993 22.19
Muon: 637 833430 161  191864 22.19
Muon: 638 833496 542  191873 22.19
Muon: 639 834688 39  192107 22.19
Muon: 640 836949 177  192551 22.19
Muon: 641 838428 88  192999 22.19
Muon: 642 838950 83  193008 22.19
Muon: 643 840352 56  193457 22.19
Muon: 644 844728 124  194351 22.19
Muon: 645 845656 192  194575 22.19
Muon: 646 846311 140  194816 22.19
Muon: 647 846748 31  194827 22.19
Muon: 648 847420 78  195139 22.19
Muon: 649 852942 207  196252 22.19
Muon: 650 853211 31  196481 22.19
Muon: 651 853417 127  196490 22.19
Muon: 652 853701 412  196499 22.19
Muon: 653 858972 312  197603 22.19
Muon: 654 859640 131  197802 22.19
Muon: 655 861921 79  198242 22.19
Muon: 656 862527 384  198492 22.19
Muon: 657 865577 319  199131 22.19
Muon: 658 865988 364  199140 22.19
Muon: 659 866295 51  199393 22.19
Muon: 660 867423 358  199599 22.19
Muon: 661 867762 99  199608 22.19
Muon: 662 868948 478  199831 22.19
Muon: 663 871424 63  200748 22.19
Muon: 664 873329 209  201202 22.19
Muon: 665 873542 179  201215 22.19
Muon: 666 873728 25  201224 22.19
Muon: 667 873932 31  201233 22.19
Muon: 668 874225 28  201490 22.19
Muon: 669 875404 30  201698 22.19
Muon: 670 876210 159  201923 22.19
Muon: 671 877219 115  202166 22.19
Muon: 672 877295 71  202177 22.19
Muon: 673 877576 167  202186 22.19
Muon: 674 880306 176  202866 22.19
Muon: 675 881705 41  203111 22.19
Muon: 676 881849 156  203121 22.19
Muon: 677 883736 110  203583 22.19
Muon: 678 883807 24  203592 22.19
Muon: 679 884785 143  203822 22.19
Muon: 680 889739 435  204928 22.19
Muon: 681 892260 63  205564 22.19
Muon: 682 893808 161  205815 22.19
Muon: 683 895427 236  206229 22.19
Muon: 684 895862 38  206240 22.19
Muon: 685 900489 89  207361 22.19
Muon: 686 901214 30  207617 22.19
Muon: 687 902370 156  207825 22.19
Muon: 688 904592 103  208283 22.19
Muon: 689 905275 35  208542 22.19
