--
### UWU'fied CosmicWatch
### date time Event Atime[ms] ADC[0-1023] Deadtime[ms] Temp[C]
-- Detector name: UwU OwO
1 30418 359 7335 16.71
2 60820 419 13981 17.35
3 156801 318 34967 18.64
4 174899 327 38916 19.61
5 241624 384 53570 19.61
6 278935 371 61703 19.61
7 308484 399 68279 19.61
8 391372 359 86433 19.61
9 425780 487 93880 19.61
10 666787 63 146610 20.90
11 770726 478 169444 20.90
12 782234 504 172073 20.90
13 863665 334 189843 21.54
14 866619 465 190505 21.33
15 887373 319 195156 21.54
