--
### UWU'fied CosmicWatch
### date time Event Atime[ms] ADC[0-1023] Deadtime[ms] Temp[C]
-- Detector name: UwU OwO
Muon: 1 186 6  455 15.74
Muon: 2 255 48  464 15.74
Muon: 3 473 71  473 15.74
Muon: 4 2409 224  891 15.74
Muon: 5 2823 169  900 15.74
Muon: 6 3274 199  1139 15.74
Muon: 7 3531 227  1149 15.74
Muon: 8 4533 48  1406 15.74
Muon: 9 4661 102  1415 15.74
Muon: 10 8543 112  2323 15.74
Muon: 11 10790 127  2752 15.74
Muon: 12 11305 199  2997 15.74
Muon: 13 12906 108  3194 15.74
Muon: 14 12979 259  3204 15.74
Muon: 15 13768 41  3418 15.74
Muon: 16 14992 33  3648 15.74
Muon: 17 15698 110  3895 15.74
Muon: 18 16917 172  4096 15.74
Muon: 19 17857 448  4312 15.74
Muon: 20 18925 103  4545 15.74
Muon: 21 23423 192  5661 15.74
Muon: 22 25224 152  6076 15.74
Muon: 23 26476 79  6314 15.74
Muon: 24 27470 49  6568 15.74
Muon: 25 29262 49  6987 15.74
Muon: 26 29665 206  6997 15.74
Muon: 27 29886 216  7007 15.74
Muon: 28 30486 140  7247 15.74
Muon: 29 32712 31  7702 15.96
Muon: 30 33347 287  7927 15.96
Muon: 31 36948 115  8619 16.39
Muon: 32 37812 430  8846 16.39
Muon: 33 39760 172  9343 16.39
Muon: 34 40219 216  9556 16.39
Muon: 35 40494 188  9568 16.39
Muon: 36 42518 49  10035 16.39
Muon: 37 43187 28  10233 16.39
Muon: 38 46507 207  10909 16.39
Muon: 39 47235 96  11109 16.39
Muon: 40 47291 39  11119 16.39
Muon: 41 47530 56  11129 16.39
Muon: 42 48260 192  11346 16.39
Muon: 43 48517 56  11356 16.39
Muon: 44 49244 131  11590 16.39
Muon: 45 49437 273  11600 16.39
Muon: 46 50583 94  11851 16.39
Muon: 47 50851 39  11861 16.39
Muon: 48 52773 96  12272 16.39
Muon: 49 53404 89  12508 16.39
Muon: 50 53982 65  12520 16.49
Muon: 51 54520 63  12773 16.39
Muon: 52 56650 172  13190 16.49
Muon: 53 56772 255  13200 16.49
Muon: 54 56817 48  13210 16.49
Muon: 55 57951 142  13449 16.60
Muon: 56 61740 51  14347 16.71
Muon: 57 62655 286  14605 16.71
Muon: 58 65800 88  15264 16.71
Muon: 59 66608 39  15524 16.71
Muon: 60 66734 158  15534 16.71
Muon: 61 67218 193  15746 16.71
Muon: 62 68862 193  15975 16.71
Muon: 63 68989 137  15985 16.71
Muon: 64 69740 46  16231 16.71
Muon: 65 71316 236  16632 16.71
Muon: 66 75846 275  17498 16.71
Muon: 67 76693 39  17731 16.71
Muon: 68 77907 88  17981 16.71
Muon: 69 80578 88  18615 16.71
Muon: 70 81967 110  18867 16.71
Muon: 71 82208 31  19071 16.71
Muon: 72 82867 287  19081 16.71
Muon: 73 83586 99  19302 16.71
Muon: 74 85627 31  19784 16.71
Muon: 75 85922 76  19794 16.71
Muon: 76 86367 31  20000 16.71
Muon: 77 87274 188  20223 16.71
Muon: 78 93660 263  21607 16.71
Muon: 79 94752 134  21818 16.71
Muon: 80 96328 76  22281 16.71
Muon: 81 96689 63  22291 16.71
Muon: 82 96737 376  22303 16.71
Muon: 83 97691 88  22499 16.71
Muon: 84 98274 220  22712 16.71
Muon: 85 99186 152  22942 16.71
Muon: 86 99530 449  22952 16.71
Muon: 87 100267 216  23199 16.71
Muon: 88 101536 300  23398 16.71
Muon: 89 103288 263  23837 16.71
Muon: 90 104186 78  24086 16.71
Muon: 91 104371 302  24096 16.71
Muon: 92 104564 76  24106 16.71
Muon: 93 105431 56  24306 16.71
Muon: 94 108601 115  24989 16.71
Muon: 95 108615 39  24999 16.71
Muon: 96 109261 88  25202 16.71
Muon: 97 111306 35  25651 16.71
Muon: 98 111386 70  25661 16.71
Muon: 99 112265 167  25915 16.71
Muon: 100 112433 135  25925 16.71
Muon: 101 113454 327  26131 16.71
Muon: 102 115311 150  26584 16.71
Muon: 103 115357 216  26594 16.71
Muon: 104 119249 524  27496 16.71
Muon: 105 121324 327  27956 16.71
Muon: 106 121615 294  27966 16.71
Muon: 107 122300 368  28193 16.71
Muon: 108 123324 51  28438 16.71
Muon: 109 125669 287  28902 16.71
Muon: 110 126537 312  29132 16.71
Muon: 111 126971 152  29142 16.71
Muon: 112 128415 71  29579 16.92
Muon: 113 129759 449  29794 16.71
Muon: 114 131310 65  30265 16.92
Muon: 115 132574 56  30465 17.14
Muon: 116 133818 60  30682 17.03
Muon: 117 133952 99  30692 17.14
Muon: 118 135273 44  31167 16.92
Muon: 119 136415 30  31369 17.25
Muon: 120 136435 78  31379 17.35
Muon: 121 136447 319  31389 16.92
Muon: 122 139346 182  32080 17.35
Muon: 123 140722 399  32285 17.35
Muon: 124 141996 79  32507 17.35
Muon: 125 142361 60  32746 17.35
Muon: 126 144230 63  33199 17.35
Muon: 127 144851 344  33211 17.35
Muon: 128 145246 323  33435 17.35
Muon: 129 145792 31  33445 17.35
Muon: 130 146904 71  33686 17.35
Muon: 131 147198 204  33944 17.35
Muon: 132 147465 62  33954 17.35
Muon: 133 149544 44  34379 17.35
Muon: 134 150780 167  34622 17.35
Muon: 135 153602 231  35304 17.35
Muon: 136 153996 179  35314 17.35
Muon: 137 154533 79  35560 17.35
Muon: 138 154623 24  35570 17.35
Muon: 139 155771 206  35767 17.35
Muon: 140 157851 337  36203 17.35
Muon: 141 160382 48  36848 17.35
Muon: 142 161309 71  37083 17.35
Muon: 143 161392 444  37093 17.35
Muon: 144 164494 241  37745 17.35
Muon: 145 171339 113  39299 17.57
Muon: 146 173533 225  39753 17.57
Muon: 147 177819 295  40659 18.00
Muon: 148 178751 103  40919 18.00
Muon: 149 184278 103  42196 18.00
Muon: 150 184835 428  42206 18.00
Muon: 151 185774 48  42454 18.00
Muon: 152 188268 94  43082 18.00
Muon: 153 188508 102  43092 18.00
Muon: 154 190471 384  43533 18.00
Muon: 155 190956 30  43543 18.00
Muon: 156 192595 231  43986 18.00
Muon: 157 202394 166  46202 18.00
Muon: 158 211402 216  48235 18.00
Muon: 159 214332 33  48875 18.00
Muon: 160 215259 387  49107 18.00
Muon: 161 215600 184  49117 18.00
Muon: 162 219850 252  49988 18.00
Muon: 163 220801 295  50240 18.00
Muon: 164 223912 56  50880 18.00
Muon: 165 227587 163  51769 18.00
Muon: 166 228349 207  52025 18.00
Muon: 167 228370 190  52035 18.00
Muon: 168 228523 39  52045 18.00
Muon: 169 232282 335  52945 18.00
Muon: 170 232574 152  52955 18.00
Muon: 171 232821 359  52967 18.00
Muon: 172 233774 35  53177 18.00
Muon: 173 235666 302  53636 18.00
Muon: 174 236997 44  53897 18.00
Muon: 175 238266 63  54328 18.00
Muon: 176 239517 56  54574 18.00
Muon: 177 240743 176  54771 18.00
Muon: 178 241271 240  54985 18.00
Muon: 179 241613 88  54995 18.00
Muon: 180 243476 46  55464 18.00
Muon: 181 244984 76  55663 18.00
Muon: 182 247424 54  56342 18.00
Muon: 183 249522 135  56753 18.00
Muon: 184 250754 144  56989 18.00
Muon: 185 250961 355  56999 18.00
Muon: 186 251635 76  57254 18.00
Muon: 187 253671 33  57669 18.00
Muon: 188 254800 150  57907 18.00
Muon: 189 259798 51  59052 18.86
Muon: 190 260918 28  59260 18.32
Muon: 191 261828 268  59486 18.64
Muon: 192 262755 24  59729 18.64
Muon: 193 262861 28  59739 18.00
Muon: 194 264862 88  60200 18.54
Muon: 195 265827 152  60428 18.86
Muon: 196 268543 86  61128 18.64
Muon: 197 273603 512  62212 18.64
Muon: 198 274291 54  62462 19.39
Muon: 199 275488 415  62663 18.86
Muon: 200 276588 255  62881 19.39
Muon: 201 277305 62  63118 19.39
Muon: 202 277851 103  63128 19.39
Muon: 203 278404 120  63380 19.61
Muon: 204 282406 60  64266 19.61
Muon: 205 294417 312  66980 19.61
Muon: 206 305904 71  69366 19.61
Muon: 207 306229 177  69568 19.61
Muon: 208 307629 49  69788 19.61
Muon: 209 313262 174  71149 19.61
Muon: 210 321706 115  72949 19.61
Muon: 211 322251 39  73161 19.61
Muon: 212 323692 88  73390 19.61
Muon: 213 325445 231  73823 19.61
Muon: 214 327582 318  74258 19.61
Muon: 215 328523 88  74506 19.61
Muon: 216 331513 71  75136 19.61
Muon: 217 334688 339  75785 19.61
Muon: 218 336443 67  76264 19.61
Muon: 219 336877 209  76274 19.61
Muon: 220 339818 24  76917 19.61
Muon: 221 341227 166  77368 19.61
Muon: 222 342735 33  77591 19.61
Muon: 223 344992 30  78078 19.61
Muon: 224 345868 287  78297 19.61
Muon: 225 347300 35  78756 19.61
Muon: 226 347478 216  78766 19.61
Muon: 227 349679 71  79227 19.61
Muon: 228 350560 103  79455 19.61
Muon: 229 355440 110  80613 19.61
Muon: 230 356956 120  80812 19.61
Muon: 231 357563 67  81031 19.61
Muon: 232 360883 60  81693 19.61
Muon: 233 361887 112  81911 19.61
Muon: 234 361910 44  81921 19.61
Muon: 235 362532 78  82156 19.61
Muon: 236 364186 176  82601 19.61
Muon: 237 365221 108  82829 19.61
Muon: 238 365328 126  82839 19.61
Muon: 239 367619 167  83320 19.61
Muon: 240 368636 112  83526 19.61
Muon: 241 368713 44  83536 19.61
Muon: 242 368962 115  83546 19.61
Muon: 243 369765 135  83769 19.61
Muon: 244 372535 241  84453 19.61
Muon: 245 375958 54  85159 19.61
Muon: 246 377493 63  85588 19.61
Muon: 247 377525 359  85598 19.61
Muon: 248 377903 32  85608 19.61
Muon: 249 378575 216  85852 19.61
Muon: 250 378629 185  85862 19.61
Muon: 251 378807 216  85872 19.61
Muon: 252 380672 103  86335 19.61
Muon: 253 382489 41  86801 19.61
Muon: 254 382600 121  86811 19.61
Muon: 255 382849 307  86821 19.61
Muon: 256 383898 252  87019 19.61
Muon: 257 387852 152  87885 19.61
Muon: 258 388911 51  88102 19.61
Muon: 259 389244 38  88336 19.61
Muon: 260 389827 35  88348 19.61
Muon: 261 389862 449  88358 19.61
Muon: 262 390229 352  88609 19.61
Muon: 263 393614 211  89247 19.61
Muon: 264 393772 97  89257 19.61
Muon: 265 394688 25  89510 19.61
Muon: 266 397623 113  90154 19.61
Muon: 267 400259 48  90821 19.61
Muon: 268 400556 62  90831 19.61
Muon: 269 402937 126  91320 19.61
Muon: 270 403320 63  91529 19.61
Muon: 271 404404 127  91755 19.61
Muon: 272 406441 255  92248 19.61
Muon: 273 407331 172  92460 19.61
Muon: 274 408772 359  92689 19.61
Muon: 275 411899 79  93328 19.61
Muon: 276 412754 227  93559 19.61
Muon: 277 413225 348  93807 19.61
Muon: 278 413661 92  93817 19.61
Muon: 279 416404 248  94445 19.61
Muon: 280 419804 319  95096 19.61
Muon: 281 420231 79  95332 19.61
Muon: 282 421370 364  95584 19.61
Muon: 283 422439 344  95788 19.61
Muon: 284 426968 28  96678 19.61
Muon: 285 427856 30  96901 19.61
Muon: 286 429304 147  97388 19.61
Muon: 287 430314 78  97596 19.61
Muon: 288 431821 48  97821 19.61
Muon: 289 434696 31  98512 19.61
Muon: 290 434812 115  98524 19.61
Muon: 291 436864 88  98987 19.61
Muon: 292 436883 39  98997 19.61
Muon: 293 437707 71  99258 19.61
Muon: 294 439899 167  99691 19.61
Muon: 295 441533 48  100127 19.61
Muon: 296 444348 33  100803 19.61
Muon: 297 444904 224  100813 19.61
Muon: 298 446937 408  101222 19.61
Muon: 299 449453 71  101892 19.61
Muon: 300 450520 67  102112 19.61
Muon: 301 452709 94  102593 19.61
Muon: 302 456282 102  103485 19.61
Muon: 303 456563 94  103495 19.61
Muon: 304 456860 152  103505 19.61
Muon: 305 457683 39  103715 19.61
Muon: 306 458352 97  103939 19.61
Muon: 307 458877 63  103949 19.61
Muon: 308 459418 207  104190 19.61
Muon: 309 459537 33  104200 19.61
Muon: 310 459595 83  104210 19.61
Muon: 311 461622 39  104668 19.61
Muon: 312 461854 332  104678 19.61
Muon: 313 465893 96  105592 19.61
Muon: 314 466408 255  105821 19.61
Muon: 315 468369 179  106255 19.61
Muon: 316 470281 391  106691 19.61
Muon: 317 470492 47  106701 19.61
Muon: 318 471232 255  106949 19.61
Muon: 319 471436 184  106962 19.61
Muon: 320 471901 263  106972 19.61
Muon: 321 472316 209  107172 19.61
Muon: 322 472596 25  107182 19.61
Muon: 323 472809 177  107192 19.61
Muon: 324 472914 31  107202 19.61
Muon: 325 472973 56  107212 19.61
Muon: 326 475641 167  107894 19.61
Muon: 327 477812 31  108305 19.61
Muon: 328 478842 71  108541 19.61
Muon: 329 479368 51  108794 19.61
Muon: 330 479894 326  108804 19.61
Muon: 331 480558 49  109009 19.61
Muon: 332 480762 76  109019 19.61
Muon: 333 487940 96  110602 19.61
Muon: 334 488899 275  110813 19.61
Muon: 335 491924 48  111522 19.61
Muon: 336 493850 131  111951 19.61
Muon: 337 494418 463  112196 19.61
Muon: 338 494448 359  112206 19.61
Muon: 339 495605 56  112403 19.61
Muon: 340 496442 28  112616 19.61
Muon: 341 497464 48  112846 19.61
Muon: 342 500766 408  113488 19.61
Muon: 343 501732 368  113721 19.61
Muon: 344 501861 24  113731 19.61
Muon: 345 502250 184  113981 19.61
Muon: 346 502613 287  113991 19.61
Muon: 347 502735 44  114001 19.61
Muon: 348 503185 457  114205 19.61
Muon: 349 504572 124  114423 19.61
Muon: 350 504921 243  114433 19.61
Muon: 351 505775 271  114668 19.61
Muon: 352 505904 207  114678 19.61
Muon: 353 506375 38  114930 19.61
Muon: 354 506857 71  114940 19.61
Muon: 355 511786 273  116020 19.61
Muon: 356 514456 391  116720 19.61
Muon: 357 514702 167  116730 19.61
Muon: 358 514782 67  116740 19.61
Muon: 359 514959 248  116750 19.61
Muon: 360 515332 35  116958 19.61
Muon: 361 515351 28  116968 19.61
Muon: 362 515732 108  116981 19.61
Muon: 363 516828 71  117206 19.72
Muon: 364 516887 88  117216 19.61
Muon: 365 517278 63  117458 19.61
Muon: 366 517923 48  117468 19.61
Muon: 367 518431 335  117727 19.61
Muon: 368 518710 92  117737 19.61
Muon: 369 519285 209  117947 19.61
Muon: 370 520662 209  118175 19.61
Muon: 371 522194 481  118671 19.61
Muon: 372 523602 167  118884 19.61
Muon: 373 524191 193  119114 19.72
Muon: 374 525692 32  119361 19.61
Muon: 375 525867 60  119371 19.61
Muon: 376 526922 65  119569 19.72
Muon: 377 529393 30  120248 19.72
Muon: 378 529973 172  120258 19.72
Muon: 379 531978 152  120666 19.72
Muon: 380 533943 39  121141 19.82
Muon: 381 535217 88  121554 19.82
Muon: 382 539419 152  122441 19.82
Muon: 383 540941 335  122680 19.82
Muon: 384 541875 81  122936 19.72
Muon: 385 543403 28  123357 19.72
Muon: 386 543588 31  123367 19.82
Muon: 387 544682 134  123608 19.72
Muon: 388 544809 134  123618 19.93
Muon: 389 547618 28  124293 19.93
Muon: 390 549263 102  124786 19.93
Muon: 391 575707 88  130455 20.58
Muon: 392 578375 83  131134 20.58
Muon: 393 587860 88  133149 20.90
Muon: 394 588543 289  133350 20.90
Muon: 395 588931 46  133360 20.90
Muon: 396 591597 71  134045 20.90
Muon: 397 592780 115  134248 20.90
Muon: 398 594501 73  134697 20.90
Muon: 399 597810 432  135360 20.90
Muon: 400 603547 432  136741 20.90
Muon: 401 604524 39  136952 20.90
Muon: 402 606233 355  137413 20.90
Muon: 403 607423 63  137675 20.90
Muon: 404 608357 31  137888 20.90
Muon: 405 610694 103  138355 20.90
Muon: 406 611589 56  138556 20.90
Muon: 407 614185 176  139232 20.90
Muon: 408 614382 33  139242 20.90
Muon: 409 618874 31  140114 20.90
Muon: 410 620561 412  140525 20.90
Muon: 411 621903 33  140787 20.90
Muon: 412 623538 209  141235 20.90
Muon: 413 623594 35  141245 20.90
Muon: 414 623939 391  141255 20.90
Muon: 415 624429 270  141477 20.90
Muon: 416 624638 70  141487 20.90
Muon: 417 624994 159  141497 20.90
Muon: 418 627513 156  142179 20.90
Muon: 419 628767 71  142403 20.90
Muon: 420 629791 67  142646 20.90
Muon: 421 633913 120  143552 20.90
Muon: 422 635285 28  144015 20.90
Muon: 423 635522 423  144025 20.90
Muon: 424 635728 88  144035 20.90
Muon: 425 636866 430  144264 20.90
Muon: 426 639428 56  144902 20.90
Muon: 427 639607 455  144912 20.90
Muon: 428 639773 192  144922 20.90
Muon: 429 640253 103  145153 20.90
Muon: 430 640462 62  145163 20.90
Muon: 431 643441 211  145806 20.90
Muon: 432 643993 113  145816 20.90
Muon: 433 644476 188  146050 20.90
Muon: 434 645812 135  146303 20.90
Muon: 435 646868 275  146505 20.90
Muon: 436 647849 35  146724 20.90
Muon: 437 648516 62  146960 20.90
Muon: 438 648577 79  146970 20.90
Muon: 439 651491 39  147627 20.90
Muon: 440 652237 62  147865 20.90
Muon: 441 654205 271  148316 20.90
Muon: 442 654431 384  148326 20.90
Muon: 443 656468 334  148780 20.90
Muon: 444 656786 39  148790 20.90
Muon: 445 658340 31  149245 20.90
Muon: 446 658793 33  149255 20.90
Muon: 447 659241 39  149481 20.90
Muon: 448 660674 39  149723 20.90
Muon: 449 663503 167  150414 20.90
Muon: 450 663791 156  150424 20.90
Muon: 451 664556 73  150669 20.90
Muon: 452 665850 188  150930 20.90
Muon: 453 666326 103  151143 20.90
Muon: 454 667457 243  151373 20.90
Muon: 455 667878 51  151383 20.90
Muon: 456 669344 255  151818 20.90
Muon: 457 672350 231  152497 20.90
Muon: 458 675518 248  153131 20.90
Muon: 459 678759 312  153786 20.90
Muon: 460 680831 28  154267 20.90
Muon: 461 681349 48  154472 20.90
Muon: 462 682681 167  154694 20.90
Muon: 463 684485 412  155182 20.90
Muon: 464 685611 129  155390 20.90
Muon: 465 689596 408  156296 20.90
Muon: 466 691528 231  156757 20.90
Muon: 467 693829 62  157221 20.90
Muon: 468 695442 359  157686 20.90
Muon: 469 696186 206  157884 20.90
Muon: 470 696288 284  157894 20.90
Muon: 471 696583 339  157904 20.90
Muon: 472 696784 255  157914 20.90
Muon: 473 698399 238  158351 20.90
Muon: 474 699604 62  158600 20.90
Muon: 475 700336 102  158800 20.90
Muon: 476 702815 88  159241 20.90
Muon: 477 703281 39  159492 20.90
Muon: 478 704307 79  159696 20.90
Muon: 479 705342 94  159915 20.90
Muon: 480 706623 390  160159 20.90
Muon: 481 711626 127  161295 20.90
Muon: 482 711704 30  161305 20.90
Muon: 483 712680 79  161512 20.90
Muon: 484 714547 56  161967 20.90
Muon: 485 715678 28  162225 20.90
Muon: 486 716957 481  162434 20.90
Muon: 487 717639 195  162661 20.90
Muon: 488 718961 54  162904 20.90
Muon: 489 719330 110  163164 20.90
Muon: 490 719681 182  163174 20.90
Muon: 491 719719 511  163184 20.90
Muon: 492 720729 31  163398 20.90
Muon: 493 723817 192  164049 20.90
Muon: 494 724720 207  164263 20.90
Muon: 495 725734 163  164494 20.90
Muon: 496 726346 28  164742 20.90
Muon: 497 726663 159  164752 20.90
Muon: 498 727714 71  164952 20.90
Muon: 499 728222 519  165168 20.90
Muon: 500 728358 145  165178 20.90
Muon: 501 731569 124  165845 20.90
Muon: 502 731974 156  165855 20.90
Muon: 503 733355 60  166300 20.90
Muon: 504 734872 211  166552 20.90
Muon: 505 736782 56  166967 20.90
Muon: 506 736897 291  166979 20.90
Muon: 507 737197 71  167217 20.90
Muon: 508 737510 216  167227 20.90
Muon: 509 737583 46  167237 20.90
Muon: 510 740528 207  167901 20.90
Muon: 511 741526 135  168141 20.90
Muon: 512 745277 31  169046 20.90
Muon: 513 746944 49  169305 20.90
Muon: 514 748971 25  169734 20.90
Muon: 515 749537 51  169979 20.90
Muon: 516 752874 105  170664 20.90
Muon: 517 753307 56  170911 20.90
Muon: 518 756862 211  171536 20.90
Muon: 519 759560 56  172184 20.90
Muon: 520 766555 71  173730 20.90
Muon: 521 766986 222  173742 20.90
Muon: 522 768219 368  174193 20.90
Muon: 523 768625 76  174203 20.90
Muon: 524 769519 156  174459 20.90
Muon: 525 770281 76  174667 20.90
Muon: 526 770533 172  174677 20.90
Muon: 527 770833 167  174687 20.90
Muon: 528 772274 71  175144 20.90
Muon: 529 772763 355  175154 20.90
Muon: 530 775315 83  175830 20.90
Muon: 531 775862 556  175840 20.90
Muon: 532 775917 216  175850 20.90
Muon: 533 780892 48  177004 20.90
Muon: 534 781293 79  177202 20.90
Muon: 535 783551 286  177639 21.11
Muon: 536 784499 102  177888 21.11
Muon: 537 785485 231  178088 21.11
Muon: 538 785813 56  178098 21.11
Muon: 539 789764 127  178972 21.11
Muon: 540 792784 97  179660 21.11
Muon: 541 796446 216  180548 21.11
Muon: 542 797214 206  180755 21.33
Muon: 543 798473 108  180979 21.11
Muon: 544 798515 79  180989 21.11
Muon: 545 798575 71  180999 21.11
Muon: 546 800407 334  181486 21.33
Muon: 547 803849 147  182144 21.33
Muon: 548 806474 56  182823 21.54
Muon: 549 809540 48  183458 21.33
Muon: 550 809773 83  183470 21.54
Muon: 551 810511 92  183701 21.33
Muon: 552 811989 184  183948 21.54
Muon: 553 817673 28  185215 21.33
Muon: 554 818651 83  185450 21.54
Muon: 555 820803 31  185895 21.54
Muon: 556 821597 56  186115 21.54
Muon: 557 822214 120  186352 21.33
Muon: 558 823349 63  186607 21.54
Muon: 559 823386 120  186617 21.54
Muon: 560 824245 79  186823 21.54
Muon: 561 824302 156  186833 21.54
Muon: 562 824669 135  186843 21.54
Muon: 563 824718 88  186853 21.54
Muon: 564 825700 65  187078 21.54
Muon: 565 826587 51  187318 21.54
Muon: 566 831849 204  188469 21.54
Muon: 567 832557 108  188680 21.54
Muon: 568 832944 25  188690 21.54
Muon: 569 833426 113  188917 21.54
Muon: 570 834444 167  189162 21.54
Muon: 571 835347 432  189424 21.54
Muon: 572 837339 48  189857 21.54
Muon: 573 840584 78  190497 21.54
Muon: 574 842695 24  190968 21.54
Muon: 575 843802 179  191168 21.54
Muon: 576 849752 327  192482 21.54
Muon: 577 851314 263  192931 21.54
Muon: 578 853589 48  193382 21.54
Muon: 579 854330 48  193636 21.54
Muon: 580 855611 252  193843 21.54
Muon: 581 861748 83  195199 21.54
Muon: 582 864380 152  195880 21.54
Muon: 583 864697 216  195890 21.54
Muon: 584 865312 113  196136 21.54
Muon: 585 865609 46  196146 21.54
Muon: 586 868873 79  196768 21.54
Muon: 587 873985 305  197875 21.76
Muon: 588 874734 124  198077 21.54
Muon: 589 876955 335  198522 21.76
Muon: 590 878509 71  198969 21.76
Muon: 591 879272 195  199190 21.76
Muon: 592 880655 504  199428 21.54
Muon: 593 880838 28  199440 21.76
Muon: 594 886492 62  200780 21.76
Muon: 595 888696 28  201239 21.97
Muon: 596 889238 263  201499 21.97
Muon: 597 894245 25  202554 21.54
Muon: 598 898399 56  203416 21.76
Muon: 599 898682 79  203426 22.19
Muon: 600 899591 28  203659 21.97
Muon: 601 899641 179  203669 22.19
Muon: 602 901395 287  204110 22.19
