--
### UWU'fied CosmicWatch
### date time Event Atime[ms] ADC[0-1023] Deadtime[ms] Temp[C]
-- Detector name: UwU OwO
1 46295 326 10859 16.71
2 74559 553 16985 16.71
3 143834 44 32019 17.35
4 169880 304 37725 18.00
5 273842 192 60539 18.00
6 304203 556 67379 19.18
7 305925 287 67579 19.61
8 321959 312 71105 19.61
9 459873 384 101304 19.61
10 468284 327 103280 19.61
11 478746 448 105493 19.61
12 512379 60 112941 19.61
13 538817 335 118652 19.61
14 595584 432 131178 19.61
15 601311 583 132491 19.61
16 637306 319 140437 19.61
17 676387 300 148977 19.61
18 687206 243 151386 19.72
19 694380 432 152923 19.72
20 734422 440 161682 19.93
21 765687 344 168496 20.90
22 780991 319 171829 20.90
23 797817 332 175565 20.90
24 877922 352 193114 20.90
