--
### UWU'fied CosmicWatch
### date time Event Atime[ms] ADC[0-1023] Deadtime[ms] Temp[C]
-- Detector name: UwU OwO
1 354 6 864 20.90
2 1462 49 1068 20.90
3 2245 300 1291 20.90
4 3341 46 1531 20.90
5 4339 71 1788 20.90
6 4602 24 1797 20.90
7 5856 48 2007 20.90
8 6861 192 2231 20.90
9 8973 184 2722 20.90
10 9236 63 2933 20.90
11 10761 159 3161 20.90
12 10903 211 3171 20.90
13 10928 124 3181 20.90
14 11625 115 3426 20.90
15 12435 120 3622 20.90
16 12537 24 3632 20.90
17 12552 30 3642 20.90
18 15659 199 4312 20.90
19 16223 147 4511 20.90
20 16850 39 4521 20.90
21 19446 143 5198 21.11
22 20602 280 5399 21.11
23 23411 96 6086 21.33
24 24371 49 6289 21.33
25 25902 176 6509 21.54
26 28578 65 7186 21.54
27 31878 184 7883 21.54
28 35843 63 8787 21.54
29 36230 113 8997 21.54
30 37766 147 9224 21.54
31 41242 199 10140 21.54
32 42576 192 10386 21.54
33 46297 28 11250 21.76
34 46368 280 11260 21.54
35 47773 211 11460 21.76
36 48510 236 11677 21.54
37 49329 369 11911 21.54
38 51201 97 12355 21.76
39 51797 345 12367 21.97
40 53365 156 12814 21.76
41 56634 60 13474 22.19
42 56947 35 13484 22.19
43 60729 167 14378 22.19
44 61252 81 14619 22.19
45 65215 163 15525 22.19
46 66692 167 15785 22.19
47 66989 112 15795 22.19
48 67469 67 16006 22.19
49 70601 83 16656 22.19
50 71247 71 16870 22.19
51 73916 79 17337 22.19
52 75698 48 17742 22.19
53 76657 280 17975 22.19
54 76805 30 17985 22.19
55 81867 97 19103 22.19
56 82388 323 19307 22.19
57 83969 44 19528 22.19
58 85952 60 20009 22.19
59 87221 195 20428 22.19
60 88661 335 20668 22.19
61 89285 207 20925 22.19
62 90482 44 21134 22.19
63 90833 216 21144 22.19
64 91660 188 21370 22.19
65 91796 67 21380 22.19
66 93494 519 21871 22.19
67 93976 135 21881 22.19
68 96971 86 22545 22.19
69 97578 103 22806 22.19
70 101339 143 23665 22.19
71 101797 195 23677 22.19
72 101898 152 23687 22.19
73 104914 56 24363 22.19
74 105340 92 24564 22.19
75 106549 448 24781 22.19
76 109759 31 25451 22.19
77 110402 60 25671 22.19
78 113525 60 26347 22.19
79 113989 255 26357 22.19
80 114902 31 26579 22.19
81 115605 184 26818 22.19
82 116244 51 27074 22.19
83 116618 263 27084 22.19
84 116943 359 27094 22.19
85 118246 38 27517 22.19
86 119540 179 27760 22.19
87 119826 92 27770 22.19
88 124338 131 28930 22.19
89 124697 65 28940 22.19
90 125738 448 29152 22.19
91 132978 499 30662 22.19
92 133238 152 30879 22.19
93 133724 51 30889 22.19
94 136318 348 31556 22.19
95 138965 153 32001 22.19
96 139668 71 32254 22.19
97 140279 56 32458 22.19
98 141590 28 32679 22.19
99 143421 56 33162 22.19
100 143465 415 33172 22.19
101 145536 62 33595 22.19
102 145825 255 33605 22.19
103 146311 30 33847 22.19
104 147458 39 34105 22.19
105 147692 113 34115 22.19
106 148714 143 34325 22.19
107 149646 118 34552 22.19
108 150650 63 34796 22.19
109 150911 103 34806 22.19
110 151449 67 35067 22.19
111 152856 60 35278 22.19
112 155970 99 35929 22.19
113 156529 207 36143 22.19
114 156663 31 36153 22.19
115 158651 62 36622 22.19
116 159404 76 36823 22.19
117 159519 71 36833 22.19
118 162389 97 37512 22.19
119 162577 408 37522 22.19
120 164696 48 37933 22.19
121 164740 238 37943 22.19
122 168486 335 38827 22.19
123 169519 35 39065 22.19
124 170598 35 39320 22.19
125 171458 70 39526 22.19
126 171498 344 39536 22.19
127 171518 71 39546 22.19
128 171685 46 39556 22.19
129 173439 81 40009 22.19
130 173548 79 40019 22.19
131 174268 63 40278 22.19
132 174415 248 40288 22.19
133 175967 31 40497 22.19
134 176707 231 40722 22.19
135 183642 120 42324 22.19
136 184624 62 42555 22.19
137 185420 399 42802 22.19
138 185549 184 42812 22.19
139 185932 273 42822 22.19
140 186353 280 43021 22.19
141 187975 31 43237 22.19
142 191970 39 44107 22.19
143 194438 48 44777 22.19
144 194795 307 44787 22.19
145 195929 28 45007 22.19
146 196356 76 45246 22.19
147 197816 135 45500 22.19
148 198301 224 45706 22.19
149 199866 83 45929 22.19
150 200579 271 46168 22.19
151 203567 192 46837 22.19
152 203998 120 46847 22.19
153 204500 46 47089 22.19
154 205677 54 47348 22.19
155 210277 115 48462 22.19
156 210437 71 48472 22.19
157 210677 39 48482 22.19
158 210933 152 48492 22.19
159 212291 48 48957 22.19
160 213652 316 49155 22.19
161 214371 487 49372 22.19
162 214402 47 49382 22.19
163 214778 204 49392 22.19
164 215322 199 49624 22.19
165 217372 216 50063 22.19
166 217434 319 50073 22.19
167 218248 467 50290 22.19
168 220245 108 50765 22.19
169 221693 163 50968 22.19
170 223875 35 51413 22.19
171 224682 432 51666 22.19
172 225289 248 51871 22.19
173 225559 399 51881 22.19
174 227627 142 52332 22.19
175 227770 103 52344 22.19
176 227985 543 52354 22.19
177 228536 103 52610 22.19
178 229560 99 52817 22.19
179 229863 291 52827 22.19
180 230555 231 53051 22.19
181 233815 41 53739 22.19
182 238621 63 54867 22.19
183 239533 176 55112 22.19
184 239797 262 55122 22.19
185 240871 88 55319 22.19
186 241703 88 55533 22.19
187 241787 224 55543 22.19
188 242321 112 55774 22.19
189 242941 44 55784 22.19
190 244742 207 56223 22.19
191 245569 120 56439 22.19
192 246219 103 56672 22.19
193 249332 166 57323 22.19
194 249373 147 57333 22.19
195 249719 115 57343 22.19
196 250468 455 57578 22.19
197 251840 47 57830 22.19
198 252454 352 58033 22.19
199 252535 254 58043 22.19
200 253354 30 58264 22.19
201 253669 359 58299 22.19
202 253931 31 58309 22.19
203 254203 124 58546 22.19
204 255554 280 58801 22.19
205 258832 312 59453 22.19
206 259311 126 59710 22.19
207 260901 207 59919 22.19
208 262951 227 60377 22.19
209 265676 335 61055 22.19
210 267325 30 61552 22.19
211 267649 46 61562 22.19
212 268318 199 61775 22.19
213 274196 240 63096 22.19
214 277367 33 63730 22.19
215 278979 231 63981 22.19
216 281601 204 64621 22.19
217 282635 70 64875 22.19
218 282811 204 64885 22.19
219 285606 270 65532 22.19
220 285931 135 65555 22.19
221 286425 31 65811 22.19
222 286710 120 65821 22.19
223 287227 248 66029 22.19
224 287720 33 66039 22.19
225 289365 31 66494 22.19
226 290803 353 66752 22.19
227 291300 33 66962 22.19
228 291904 192 66972 22.19
229 294994 65 67692 22.19
230 295801 112 67904 22.19
231 296743 30 68133 22.19
232 296786 39 68143 22.19
233 297274 345 68389 22.19
234 297770 126 68401 22.19
235 298953 377 68599 22.19
236 299507 209 68814 22.19
237 299795 287 68824 22.19
238 301602 86 69295 22.19
239 302246 147 69495 22.19
240 302757 51 69505 22.19
241 304358 35 69946 22.19
242 304494 63 69956 22.19
243 306950 268 70399 22.19
244 307677 152 70618 22.19
245 307791 732 70628 22.19
246 307896 140 70638 22.19
247 308310 31 70874 22.19
248 308951 28 70884 22.19
249 309284 332 71139 22.19
250 309413 387 71149 22.19
251 309574 62 71159 22.19
252 310905 92 71363 22.19
253 311580 121 71584 22.19
254 312498 334 71822 22.19
255 312996 83 71832 22.19
256 313939 79 72088 22.19
257 314895 81 72295 22.19
258 315530 48 72519 22.19
259 317942 344 73008 22.19
260 318480 67 73217 22.19
261 321207 51 73926 22.19
262 321227 152 73936 22.19
263 322547 96 74148 22.19
264 322701 231 74160 22.19
265 323963 28 74389 22.19
266 325256 63 74821 22.19
267 325536 30 74831 22.19
268 330361 240 75898 22.19
269 330711 280 75908 22.19
270 330780 56 75918 22.19
271 331731 30 76151 22.19
272 332826 390 76401 22.19
273 333449 199 76603 22.19
274 333766 126 76613 22.19
