--
### UWU'fied CosmicWatch
### date time Event Atime[ms] ADC[0-1023] Deadtime[ms] Temp[C]
-- Detector name: UwU OwO
1 358 3 866 21.54
2 631 103 931 21.54
3 809 30 940 21.54
4 2729 147 1383 21.54
5 3375 79 1602 21.54
6 3855 115 1611 21.54
7 5420 30 2091 21.54
8 5891 195 2100 21.54
9 8951 28 2748 21.76
10 10925 199 3201 21.76
11 11301 120 3425 21.76
12 13533 312 3915 21.76
13 14587 455 4124 21.76
14 14774 174 4133 21.76
15 15553 35 4361 21.97
16 16330 152 4660 21.97
17 17263 35 4920 21.97
18 20835 737 5588 21.54
19 20901 39 5597 22.19
20 21398 127 5794 22.19
21 23611 31 6230 22.19
22 23893 126 6239 22.19
23 26890 48 6886 22.19
24 27872 216 7119 22.19
25 28831 76 7370 22.19
26 30501 140 7782 22.19
27 30524 327 7791 22.19
28 32647 304 8271 22.19
29 33207 49 8475 22.19
30 33834 48 8484 22.19
31 37880 199 9386 22.19
32 38622 184 9668 22.19
33 39869 79 9908 22.19
34 41462 51 10364 22.19
35 41593 295 10377 22.19
36 41663 96 10386 22.19
37 42773 472 10612 22.19
38 43924 103 10855 22.19
39 44758 57 11115 22.19
40 45426 332 11326 22.19
41 45640 127 11335 22.19
42 45918 263 11346 22.19
43 46373 33 11574 22.19
44 46412 166 11583 22.19
45 46597 35 11592 22.19
46 48475 62 12024 22.19
47 49497 483 12243 22.19
48 51858 39 12762 22.19
49 52191 143 12960 22.19
50 52447 435 12969 22.19
51 52773 398 12978 22.19
52 53552 56 13194 22.19
53 53633 46 13207 22.19
54 53667 31 13216 22.19
55 53854 451 13225 22.19
56 53892 71 13234 22.19
57 54653 76 13466 22.19
58 57458 440 14116 22.19
59 60834 300 14788 22.19
60 61602 83 15010 22.19
61 63514 179 15492 22.19
62 63842 286 15508 22.19
63 64276 96 15767 22.19
64 64498 307 15780 22.19
65 65386 248 16003 22.19
66 66510 184 16243 22.19
67 67258 67 16500 22.19
68 70704 195 17155 22.19
69 71466 92 17414 22.19
70 72283 176 17624 22.19
71 73225 92 17851 22.19
72 75232 224 18281 22.19
73 75554 78 18290 22.19
74 75593 327 18299 22.19
75 75914 312 18308 22.19
76 76621 348 18521 22.19
77 79716 524 19184 22.19
78 80815 54 19400 22.19
79 82784 179 19921 22.19
80 82881 359 19930 22.19
81 84736 103 20338 22.19
82 86233 115 20814 22.19
83 87701 263 21016 22.19
84 90419 79 21707 22.19
85 91636 63 21911 22.19
86 92893 209 22132 22.19
87 101319 179 24163 22.19
88 104554 216 24846 22.19
89 105361 156 25092 22.19
90 107729 71 25494 22.19
91 107954 65 25503 22.19
92 109986 63 25976 22.19
93 111913 259 26382 22.19
94 113215 190 26858 22.19
95 113693 204 26924 22.19
96 114345 88 27126 22.19
97 114551 103 27135 22.19
98 118998 463 28019 22.19
99 120591 63 28469 22.19
100 121384 92 28724 22.19
101 122573 38 28930 22.19
102 122715 423 28939 22.19
103 122977 487 28948 22.19
104 124407 44 29404 22.19
105 124473 44 29413 22.19
106 131245 31 30993 22.19
107 132001 71 31005 22.19
108 132828 192 31254 22.19
109 133663 231 31452 22.19
110 134527 339 31718 22.19
111 135204 246 31949 22.19
112 135747 113 31958 22.19
113 135806 99 31967 22.19
114 136416 39 32214 22.19
115 136499 124 32223 22.19
116 138377 99 32629 22.19
117 139629 31 32861 22.19
118 140325 302 33110 22.19
119 141416 140 33311 22.19
120 141487 124 33320 22.19
121 142431 76 33538 22.19
122 143297 120 33776 22.19
123 143546 156 33788 22.19
124 143809 216 33849 22.19
125 145825 108 34295 22.19
126 147954 227 34743 22.19
127 151332 167 35639 22.19
128 152315 60 35896 22.19
129 153212 88 36104 22.19
130 157437 412 37013 22.19
131 158648 224 37241 22.19
132 159442 352 37489 22.19
133 160859 56 37685 22.19
134 161565 167 37897 22.29
135 162294 135 38127 22.19
136 163416 96 38374 22.19
137 164694 496 38575 22.19
138 165473 240 38798 22.19
139 166613 124 39080 22.19
140 167308 376 39329 22.19
141 169238 88 39738 22.19
142 169810 143 39747 22.40
143 173631 51 40628 22.19
144 175783 179 41112 22.29
145 175836 47 41121 22.29
146 177000 39 41326 22.29
147 177449 110 41548 22.51
148 177728 60 41557 22.29
149 177766 60 41566 22.19
150 179773 460 42052 22.19
151 179875 112 42063 22.29
152 182699 112 42720 22.29
153 185781 348 43401 22.51
154 187884 316 43950 22.51
155 188310 463 44166 22.19
156 189437 127 44395 22.40
157 190346 192 44641 22.51
158 190695 79 44650 22.29
159 193507 48 45274 22.40
160 196002 46 45712 22.51
161 200872 35 46796 22.51
162 201323 71 47035 22.51
163 203454 92 47482 22.51
164 204379 46 47703 22.51
165 204909 92 47712 22.51
166 205604 332 47950 22.51
167 208531 135 48621 22.51
168 208884 33 48643 22.51
169 209849 143 48934 22.51
170 210749 54 49191 22.51
171 213314 115 49850 22.51
172 213578 327 49859 22.51
173 214421 408 50119 22.51
174 214505 167 50128 22.51
175 215407 39 50339 22.51
176 216684 56 50567 22.51
177 217579 126 50812 22.51
178 218191 56 51009 22.51
179 219578 79 51222 22.51
180 219937 172 51231 22.51
181 221243 54 51699 22.51
182 222890 48 51900 22.51
183 223828 78 52119 22.51
184 225241 455 52644 22.51
185 225783 57 52653 22.51
186 230454 345 53726 22.51
187 234824 35 54616 22.51
188 235501 177 54838 22.51
189 237282 294 55326 22.51
190 237954 102 55335 22.51
191 238194 35 55547 22.51
192 238390 81 55556 22.51
193 240860 120 56014 22.51
194 243848 56 56692 22.51
195 246794 67 57325 22.51
196 251336 30 58408 22.51
197 251696 56 58420 22.51
198 252194 111 58669 22.51
199 252280 403 58730 22.51
200 252486 31 58739 22.51
201 252516 353 58748 22.51
202 253277 240 58948 22.51
203 254301 48 59169 22.51
204 255762 70 59403 22.51
205 257198 31 59847 22.51
206 257892 435 59856 22.51
207 262216 28 60958 22.51
208 263993 156 61196 22.51
209 264230 248 61452 22.51
210 265253 152 61661 22.51
211 268304 188 62366 22.51
212 269796 92 62587 22.51
213 269901 135 62648 22.51
214 270816 39 62878 22.51
215 271324 316 63121 22.51
216 271388 96 63130 22.51
217 271646 67 63139 22.51
218 273305 56 63601 22.51
219 273446 38 63610 22.51
220 273987 142 63619 22.51
221 274308 71 63852 22.51
222 274495 143 63861 22.51
223 275610 88 64107 22.51
224 276237 169 64304 22.51
225 278195 44 64740 22.51
226 278251 31 64749 22.51
227 278549 334 64769 22.51
228 280932 76 65258 22.51
229 282761 231 65698 22.51
230 282792 419 65707 22.51
231 283444 156 65957 22.51
232 283939 97 65966 22.51
233 285373 67 66380 22.51
234 285603 143 66389 22.51
235 287448 608 66869 22.51
236 287838 96 66878 22.72
237 288593 71 67082 22.51
238 288930 166 67091 22.51
239 288984 188 67100 22.51
240 291470 224 67798 22.51
241 291706 56 67807 22.51
242 292000 337 67822 22.51
243 292966 56 68080 22.51
244 294228 35 68534 22.51
245 294851 31 68547 22.51
246 296800 83 69003 22.51
247 297357 204 69228 22.72
248 297504 118 69237 22.51
249 299562 76 69731 22.51
250 300497 216 69942 22.72
251 302314 96 70406 22.72
252 303417 184 70602 22.51
253 305560 216 71036 23.15
254 306852 24 71283 22.51
255 307359 359 71481 22.72
256 308284 103 71697 22.51
257 308340 243 71711 22.51
258 309417 319 71993 22.94
259 309585 152 72002 22.94
260 311780 327 72444 22.94
261 313281 167 72888 22.94
262 314959 103 73140 22.72
263 315487 51 73343 22.72
264 316945 60 73563 22.94
265 317406 192 73800 22.94
266 318642 172 74054 22.72
267 322648 243 74951 22.94
268 323418 193 75159 22.72
269 324807 115 75384 23.15
270 325657 71 75626 22.94
271 329664 319 76538 22.94
272 330581 120 76805 22.72
273 331531 158 77070 22.72
274 335726 31 77931 22.94
275 336986 135 78162 23.15
276 338504 44 78602 22.72
277 339208 28 78819 23.15
278 339752 440 78828 22.94
279 341332 67 79304 23.15
280 341866 78 79313 22.94
281 342844 243 79515 23.15
282 344453 204 79961 23.15
283 345596 179 80214 23.15
284 345804 44 80223 23.15
285 346699 220 80427 22.94
286 346828 177 80440 23.15
287 348596 460 80952 22.94
288 351490 63 81621 23.15
289 352452 46 81862 23.15
290 352762 97 81871 23.15
291 353473 60 82129 22.94
292 355933 216 82555 23.15
293 357595 166 83049 23.15
294 357908 63 83058 23.15
295 359641 71 83488 23.15
296 361265 103 83921 22.94
297 361364 30 83930 23.15
298 363252 112 84366 23.15
299 363581 71 84375 23.15
300 364205 284 84623 23.15
301 364473 368 84634 23.15
302 367823 115 85322 23.15
303 369548 198 85765 23.15
304 371263 384 86210 23.15
305 373473 152 86657 23.15
306 374271 88 86878 23.15
307 374886 49 86887 23.15
308 374989 399 86896 23.15
309 378554 408 87791 23.15
310 380653 48 88279 23.15
311 381382 143 88487 23.15
312 381669 391 88496 23.15
313 382851 112 88722 23.15
314 383525 33 88964 23.15
315 383547 78 88973 23.15
316 384306 35 89235 23.15
317 385315 195 89501 23.15
318 389966 289 90356 23.15
319 390362 112 90586 23.15
320 393585 225 91228 23.15
321 394262 63 91461 23.15
322 398490 143 92339 23.15
323 398578 211 92348 23.15
324 398765 46 92357 23.15
325 399492 654 92608 23.15
326 400272 56 92811 23.15
327 400552 46 92820 23.15
328 401291 286 93040 23.15
329 401330 67 93051 23.15
330 402909 376 93288 23.15
331 404258 192 93739 23.15
332 407407 300 94494 23.15
333 408623 35 94702 23.15
334 409641 70 94930 23.15
335 410449 131 95171 23.15
336 414290 172 96083 23.15
337 414583 79 96092 23.15
338 417196 60 96776 23.15
339 417499 463 96785 23.15
340 418590 51 97031 23.15
341 418753 96 97042 23.15
342 419420 339 97239 23.15
343 419898 71 97248 23.15
344 420794 48 97462 23.15
345 423965 335 98123 23.15
346 424359 391 98343 23.15
347 425457 48 98638 23.15
348 428216 127 99291 23.15
349 428475 152 99300 23.15
350 428535 231 99309 23.15
351 428962 33 99318 23.15
352 431339 30 99993 23.15
353 432408 96 100216 23.15
354 435549 476 100898 23.15
355 438988 207 101603 23.15
356 439647 184 101812 23.15
357 439878 263 101821 23.15
358 439938 312 101830 23.15
359 440938 39 102056 23.15
360 441715 280 102303 23.15
361 441951 113 102369 23.15
362 442832 35 102629 23.15
363 443829 39 102840 23.15
364 444206 364 103068 23.15
365 444376 79 103081 23.15
366 444449 56 103090 23.15
367 444586 60 103099 23.15
368 444966 88 103108 23.15
369 445854 355 103353 23.15
370 447533 44 103755 23.15
371 447604 28 103764 23.15
372 453246 41 105096 23.15
373 453291 60 105105 23.15
374 453926 28 105114 23.15
375 455787 35 105525 23.15
376 455872 31 105591 23.15
377 456309 455 105830 23.15
378 457571 167 106082 23.15
379 457629 67 106091 23.15
380 458770 31 106294 23.15
381 458872 31 106303 23.15
382 458887 217 106312 23.15
383 463001 163 107204 23.15
384 463364 124 107427 23.15
385 469813 240 108813 23.15
386 469887 280 108822 23.15
387 470234 25 109033 23.15
388 470260 76 109042 23.15
389 470272 227 109053 23.15
390 472909 142 109573 23.15
391 473563 31 109773 23.15
392 475249 286 110205 23.15
393 475616 126 110214 23.15
394 476431 65 110461 23.15
395 477407 44 110659 23.15
396 480531 159 111337 23.15
397 481243 263 111538 23.15
398 481961 62 111547 23.15
399 484318 241 112231 23.15
400 484583 307 112240 23.15
401 486224 39 112654 23.15
402 487418 385 112890 23.15
403 487771 307 112899 23.15
404 490815 216 113564 23.15
405 494404 39 114517 23.15
406 494632 103 114535 23.15
407 494866 67 114544 23.15
408 497300 63 115234 23.15
409 497833 88 115243 23.15
410 502326 206 116379 23.15
411 504845 44 116814 23.15
412 505389 455 117028 23.15
413 506679 79 117259 23.15
414 507281 319 117507 23.15
415 507741 140 117516 23.15
416 507761 198 117525 23.15
417 508957 48 117725 23.15
418 509345 24 117943 23.15
419 510267 79 118227 23.15
420 511681 415 118477 23.15
421 511829 25 118490 23.15
422 515340 41 119373 23.15
423 515780 140 119382 23.15
424 517881 192 119798 23.15
425 518784 88 120036 23.15
426 518934 179 120045 23.15
427 519191 24 120300 23.15
428 519270 25 120309 23.15
429 519695 179 120318 23.15
430 522232 224 120971 23.15
431 525608 38 121646 23.15
432 526809 174 121891 23.15
433 529388 384 122624 23.15
434 530561 51 122869 23.15
435 532216 79 123269 23.15
436 532970 56 123287 23.15
437 533639 167 123517 23.15
438 535330 312 123954 23.15
439 535754 112 123963 23.15
440 536534 30 124179 23.15
441 538423 35 124653 23.15
442 539610 48 124858 23.15
443 539904 216 124867 23.15
444 543818 24 125749 23.15
445 544992 76 125969 23.15
446 546681 88 126451 23.15
447 546701 83 126461 23.15
448 546873 35 126527 23.15
449 549377 231 127177 23.15
450 549463 143 127186 23.15
451 550699 102 127446 23.15
452 552911 28 127870 23.15
453 553630 103 128112 23.15
454 556630 270 128796 23.15
455 558514 30 129227 23.15
456 559560 335 129440 23.15
457 563471 124 130303 23.15
458 565897 94 130775 23.15
459 566763 63 130975 23.15
460 566934 112 130984 23.15
461 567481 307 131205 23.15
462 569194 99 131733 23.15
463 569346 348 131742 23.15
464 571355 120 132156 23.15
465 571705 71 132165 23.15
466 571981 140 132183 23.15
467 572984 110 132420 23.15
468 574501 39 132870 23.15
469 574762 46 132879 23.15
470 576615 88 133331 23.15
471 577308 28 133587 23.15
472 578338 152 133794 23.15
473 579300 451 134022 23.15
474 580926 71 134263 23.15
475 581305 143 134521 23.15
476 581768 339 134531 23.15
477 582582 319 134793 23.15
478 583969 126 135019 23.15
479 584344 65 135263 23.15
480 584735 39 135272 23.15
481 585466 71 135535 23.15
482 585641 110 135544 23.15
483 589737 327 136401 23.15
484 589795 38 136410 23.15
485 592545 225 137089 23.15
486 593323 56 137289 23.15
487 594282 39 137505 23.15
488 594471 71 137514 23.15
489 594712 99 137523 23.15
490 596739 385 137999 23.15
491 597753 240 138258 23.15
492 599447 150 138704 23.15
493 600643 323 138957 23.15
494 601212 316 139161 23.15
495 601638 124 139170 23.15
496 602846 275 139394 23.15
497 604600 88 139882 23.15
498 610790 83 141196 23.15
499 613521 70 141890 23.15
500 615448 78 142354 23.15
501 615860 131 142363 23.15
502 617324 112 142763 23.15
503 619392 38 143231 23.15
504 619735 126 143240 23.15
505 621721 63 143648 23.15
506 622692 96 143933 23.15
507 624549 28 144374 23.15
508 625255 179 144596 23.15
509 625730 81 144605 23.15
510 627438 48 145082 23.15
511 627751 270 145094 23.15
512 629877 371 145508 23.15
513 631889 88 145990 23.15
514 631910 326 145999 23.15
515 636596 31 147097 23.15
516 636715 41 147106 23.15
517 636927 609 147115 23.15
518 637927 63 147340 23.15
519 638599 44 147584 23.15
520 639896 216 147900 23.15
521 641954 297 148328 23.15
522 644446 33 149027 23.15
523 644722 131 149036 23.15
524 645933 152 149265 23.15
525 645971 39 149274 23.15
526 647766 255 149716 23.15
527 648936 199 149931 23.15
528 648981 28 149940 23.15
529 650417 238 150412 23.15
530 651371 323 150612 23.15
531 653506 51 151054 23.15
532 653663 48 151063 23.15
533 654357 48 151316 23.15
534 654707 51 151378 23.15
535 657560 176 152017 23.15
536 657918 284 152026 23.15
537 658473 511 152283 23.15
538 660880 142 152701 23.15
539 662751 275 153187 23.15
540 663416 35 153394 23.15
541 665563 67 153853 23.15
542 666841 39 154111 23.15
543 670652 63 155022 23.15
544 670840 57 155031 23.15
545 671373 67 155242 23.15
546 671562 88 155251 23.15
547 674481 81 155903 23.15
548 674671 46 155913 23.15
549 675214 255 156184 23.15
550 675532 96 156193 23.15
551 675853 44 156202 23.15
552 675992 65 156211 23.15
553 676844 145 156442 23.15
554 677627 76 156690 23.15
555 678591 39 156889 23.15
556 679768 224 157112 23.15
557 680214 455 157345 23.15
558 681231 159 157595 23.15
559 681984 115 157604 23.15
560 683493 44 158016 23.15
561 684489 71 158251 23.15
562 686301 252 158703 23.15
563 686716 120 158762 23.15
564 687291 76 158983 23.15
565 688808 348 159220 23.15
566 689275 192 159475 23.15
567 689847 140 159484 23.15
568 689875 312 159493 23.15
569 691503 56 159913 23.15
570 693242 83 160401 23.15
571 694214 184 160612 23.15
572 698494 140 161522 23.15
573 698928 259 161531 23.15
574 699969 28 161763 23.15
575 700526 83 162007 23.15
576 700565 56 162016 23.15
577 700753 199 162026 23.15
578 700839 294 162089 23.15
579 701974 216 162285 23.15
580 702550 28 162498 23.15
581 702685 280 162507 23.15
582 703973 103 162737 23.15
583 704764 433 162984 23.15
584 707455 455 163611 23.15
585 708192 227 163860 23.15
586 708248 368 163877 23.15
587 708377 380 163886 23.15
588 709252 63 164087 23.15
589 709815 51 164096 23.15
590 709841 225 164105 23.15
591 710698 280 164324 23.15
592 712592 31 164861 23.15
593 714735 231 165275 23.15
594 715344 39 165512 23.15
595 715623 63 165521 23.15
596 715818 135 165530 23.15
597 716283 174 165784 23.15
598 716739 44 165793 23.15
599 717362 270 165998 23.15
600 717897 39 166007 23.15
601 718652 159 166232 23.15
602 719202 46 166471 23.15
603 721490 44 166925 23.15
604 721872 199 166934 23.15
605 722193 152 167165 23.15
606 722384 318 167228 23.15
607 722993 60 167237 23.15
608 724240 179 167728 23.15
609 725579 289 167938 23.15
610 726252 655 168165 23.15
611 727294 67 168409 23.15
612 728341 25 168669 23.15
613 730426 435 169101 23.15
614 732336 31 169536 23.15
615 735360 63 170211 23.15
616 735854 79 170223 23.15
617 736424 102 170427 23.15
618 737303 108 170644 23.15
619 739953 182 171120 23.15
620 742839 78 171761 23.15
621 744201 115 172273 23.15
622 744779 51 172282 23.15
623 747240 56 172978 23.15
624 747520 192 172987 23.15
625 748310 49 173194 23.15
626 750464 65 173650 23.15
627 750866 28 173659 23.15
628 750898 28 173670 23.15
629 751338 63 173927 23.15
630 751627 124 173936 23.15
631 751807 199 173949 23.15
632 754667 83 174609 23.15
633 755522 167 174869 23.15
634 755732 48 174884 23.15
635 756497 25 175149 23.15
636 757879 387 175377 23.15
637 760195 195 176015 23.15
638 760301 97 176024 23.15
639 761318 312 176254 23.15
640 764662 81 176899 23.15
641 765486 46 177132 23.15
642 766792 83 177382 23.15
643 767826 135 177583 23.15
644 768701 192 177801 23.15
645 768801 63 177810 23.15
646 769961 319 178048 23.15
647 771367 199 178495 23.15
648 773228 92 178945 23.15
649 774860 96 179203 23.15
650 775572 88 179468 23.15
651 777467 48 179922 23.15
652 777787 236 179931 23.15
653 780503 70 180603 23.15
654 781287 152 180845 23.15
655 782215 112 181104 23.15
656 784777 268 181534 23.15
657 784828 451 181543 23.15
658 785581 248 181788 23.15
659 787567 350 182188 23.15
660 793714 49 183514 23.15
661 796364 28 184151 23.15
662 797641 126 184402 23.15
663 799477 143 184822 23.15
664 800575 319 185112 23.15
665 800780 31 185121 23.15
666 802737 81 185570 23.15
667 803790 366 185792 23.15
668 805929 33 186278 23.15
669 806261 158 186485 23.15
670 806494 536 186494 23.15
671 806855 81 186503 23.15
672 807870 35 186727 23.15
673 808596 207 186968 23.15
674 808632 167 186977 23.15
675 811267 51 187654 23.15
676 812627 184 187900 23.15
677 813484 99 188161 23.15
678 813909 231 188178 23.15
679 815539 192 188663 23.15
680 818866 62 189302 23.15
681 819205 147 189533 23.15
682 819284 56 189542 23.15
683 820411 255 189790 23.15
684 820504 103 189799 23.15
685 820681 415 189808 23.15
686 820703 30 189817 23.15
687 821292 28 190016 23.15
688 821484 48 190025 23.15
689 821556 83 190034 23.15
690 823728 71 190474 23.15
691 824400 96 190728 23.15
692 824881 209 190745 23.15
693 825376 332 190999 23.15
694 825534 79 191008 23.15
695 825587 390 191017 23.15
696 826800 44 191236 23.15
697 828905 60 191716 23.15
698 829331 35 191924 23.15
699 833398 174 192817 23.15
700 834258 79 193041 23.15
701 834804 46 193050 23.15
702 836909 115 193538 23.15
703 838272 231 193964 23.15
704 838329 319 193973 23.15
705 840202 323 194469 23.15
706 840519 44 194484 23.15
707 842914 209 194968 23.15
708 844728 172 195401 23.15
709 849289 126 196472 23.15
710 849535 79 196485 23.15
711 850764 287 196717 23.15
712 853257 56 197367 23.15
713 855502 127 197845 23.15
714 856644 312 198048 23.15
715 859499 127 198741 23.15
716 861266 51 199161 23.15
717 863271 108 199649 23.15
718 864552 344 199857 23.15
719 870689 449 201219 23.15
720 872564 31 201619 23.15
721 872775 31 201634 23.15
722 873882 195 201923 23.15
723 874239 224 202170 23.15
724 874378 376 202179 23.15
725 877669 39 202806 23.15
726 878274 526 203055 23.15
727 878683 286 203064 23.15
728 880295 31 203472 23.15
729 880531 140 203483 23.15
730 882734 28 203959 23.15
731 883549 167 204161 23.15
732 883736 81 204170 23.15
733 884235 243 204389 23.15
734 884512 33 204398 23.15
735 885294 463 204641 23.15
736 886463 39 204954 23.15
737 889649 167 205601 23.15
738 890709 73 205857 23.15
739 891839 30 206064 23.15
740 891909 176 206077 23.15
741 892717 71 206301 23.15
742 892910 156 206310 23.15
743 893977 238 206551 23.15
744 894659 126 206809 23.15
745 896636 39 207237 23.15
746 897872 312 207480 23.15
747 898277 376 207743 23.15
748 898471 368 207752 23.15
749 898607 268 207761 23.15
750 898951 35 207772 23.15
751 900203 112 208437 23.15
752 904208 97 209298 23.15
753 905376 176 209546 23.15
754 906227 248 209746 23.15
755 906876 44 209755 23.15
756 907332 35 209971 23.15
757 908679 174 210204 23.15
758 913199 209 211328 23.15
759 913860 54 211337 23.15
760 914308 425 211541 23.15
761 917208 51 212237 23.15
762 917303 92 212246 23.15
763 917514 291 212255 23.15
764 919382 163 212687 23.15
765 921678 71 213233 23.15
766 921748 216 213242 23.15
767 921976 60 213251 23.15
768 922254 88 213459 23.15
769 923213 231 213688 23.15
770 923704 284 213697 23.15
771 923715 108 213706 23.15
772 923901 67 213715 23.15
773 923989 51 213724 23.15
774 924566 28 213966 23.15
775 924665 76 213975 23.15
776 925532 51 214236 23.15
777 927445 56 214666 23.15
778 927626 231 214677 23.15
