--
### UWU'fied CosmicWatch
### date time Event Atime[ms] ADC[0-1023] Deadtime[ms] Temp[C]
-- Detector name: UwU OwO
1 13879 344 3272 21.54
2 75800 291 16852 22.19
3 81952 508 18192 22.19
4 90787 327 20165 22.19
5 133602 287 29607 22.19
6 178766 71 39503 22.19
7 186862 319 41261 22.19
8 187287 647 41477 22.19
9 399882 295 87845 23.15
10 422513 332 92923 23.15
11 554938 497 121926 23.15
12 759255 440 166796 23.15
13 823197 344 180868 23.15
14 854408 302 187681 23.15
15 876407 167 192468 23.15
16 895965 345 196708 23.15
