--
### UWU'fied CosmicWatch
### date time Event Atime[ms] ADC[0-1023] Deadtime[ms] Temp[C]
-- Detector name: UwU OwO
1 12697 428 3002 24.44
2 43838 408 9816 24.44
3 140478 167 31086 24.44
4 154389 195 34158 24.44
5 194524 591 42970 24.44
6 210872 337 46420 24.44
7 220455 227 48687 24.44
8 258504 348 56984 24.44
9 261638 174 57616 24.44
10 277310 358 61157 24.44
11 279424 463 61620 24.44
12 282197 44 62273 24.44
13 349630 327 76875 24.44
14 389253 376 85677 24.44
15 427956 316 94048 24.44
16 435245 284 95788 24.44
17 437749 344 96237 24.44
18 482692 206 106168 24.44
19 496665 304 109181 24.34
20 506950 318 111461 24.23
21 517319 319 113846 24.12
22 546228 348 120156 24.12
23 600479 316 132027 24.12
24 625454 89 137537 23.80
25 632551 280 139027 24.12
26 657437 391 144546 24.12
27 677621 352 148975 23.80
28 684588 448 150485 23.48
29 709961 504 156026 23.15
30 747812 472 164333 23.15
31 748208 359 164570 23.15
32 782279 300 172016 23.15
33 818314 736 179992 23.15
34 837293 350 184129 23.15
35 854489 368 187867 23.15
36 861513 262 189413 23.15
37 876944 327 192740 23.15
