--
### UWU'fied CosmicWatch
### date time Event Atime[ms] ADC[0-1023] Deadtime[ms] Temp[C]
-- Detector name: UwU OwO
Muon: 1 356 7  881 24.66
Muon: 2 1522 231  1091 25.20
Muon: 3 2754 28  1319 24.87
Muon: 4 3675 49  1566 24.66
Muon: 5 4960 230  1814 25.41
Muon: 6 5661 31  2028 24.87
Muon: 7 7839 198  2496 25.41
Muon: 8 8841 143  2695 25.41
Muon: 9 10254 444  3135 24.87
Muon: 10 12264 198  3577 25.73
Muon: 11 12913 56  3586 25.41
Muon: 12 12976 56  3595 25.41
Muon: 13 14399 396  4039 25.09
Muon: 14 17405 199  4698 26.05
Muon: 15 17654 120  4707 25.73
Muon: 16 17873 49  4718 26.05
Muon: 17 19317 204  5200 26.05
Muon: 18 20408 28  5406 26.05
Muon: 19 20474 270  5419 26.05
Muon: 20 20705 316  5435 26.05
Muon: 21 22698 167  5943 26.05
Muon: 22 24661 224  6399 26.05
Muon: 23 24852 185  6412 25.73
Muon: 24 28470 207  7323 26.05
Muon: 25 29565 92  7551 26.05
Muon: 26 29971 38  7560 26.05
Muon: 27 30304 60  7804 26.05
Muon: 28 30666 472  7813 26.05
Muon: 29 30888 156  7822 26.05
Muon: 30 30954 79  7833 26.05
Muon: 31 31242 79  8031 26.05
Muon: 32 34231 350  8703 26.05
Muon: 33 35347 167  8901 26.05
Muon: 34 36341 38  9116 26.05
Muon: 35 36845 179  9125 26.05
Muon: 36 36866 255  9134 26.05
Muon: 37 39617 79  9799 26.05
Muon: 38 40398 465  10069 26.05
Muon: 39 40419 444  10078 26.05
Muon: 40 41780 44  10313 26.05
Muon: 41 43675 60  10762 26.05
Muon: 42 45597 545  11210 26.05
Muon: 43 46242 163  11464 26.05
Muon: 44 47867 112  11669 26.05
Muon: 45 50291 179  12368 26.05
Muon: 46 50350 127  12379 26.05
Muon: 47 50686 54  12388 26.05
Muon: 48 52913 143  12810 26.05
Muon: 49 53578 30  13052 26.05
Muon: 50 55646 71  13511 26.05
Muon: 51 56523 110  13737 26.05
Muon: 52 57860 182  13983 26.05
Muon: 53 59270 48  14505 26.05
Muon: 54 59811 358  14514 26.05
Muon: 55 59894 184  14523 26.05
Muon: 56 59984 35  14532 26.05
Muon: 57 60675 286  14761 26.05
Muon: 58 61321 48  15007 26.05
Muon: 59 61776 56  15018 26.05
Muon: 60 65230 323  15881 26.05
Muon: 61 66198 199  16084 26.05
Muon: 62 66246 231  16093 26.05
Muon: 63 66446 419  16102 26.05
Muon: 64 67614 188  16319 26.05
Muon: 65 68939 344  16557 26.05
Muon: 66 69325 24  16808 26.05
Muon: 67 70542 188  17010 26.05
Muon: 68 70744 199  17020 26.05
Muon: 69 70845 97  17081 26.05
Muon: 70 71625 48  17300 26.05
Muon: 71 71734 78  17309 26.05
Muon: 72 72435 65  17545 26.05
Muon: 73 76618 108  18434 26.05
Muon: 74 76676 56  18443 26.05
Muon: 75 76970 238  18452 26.05
Muon: 76 77216 78  18709 26.05
Muon: 77 78359 60  18919 26.05
Muon: 78 78721 56  18928 26.05
Muon: 79 78890 369  18937 26.05
Muon: 80 80380 51  19393 26.05
Muon: 81 83698 268  20067 26.05
Muon: 82 84328 51  20310 26.05
Muon: 83 84633 467  20319 26.05
Muon: 84 85470 103  20582 26.05
Muon: 85 89313 35  21488 26.05
Muon: 86 89529 35  21497 26.05
Muon: 87 89820 112  21506 26.05
Muon: 88 90715 743  21720 26.05
Muon: 89 91911 161  21951 26.05
Muon: 90 92844 79  22198 26.05
Muon: 91 95576 39  22830 26.05
Muon: 92 95676 216  22839 26.05
Muon: 93 97197 327  23281 26.05
Muon: 94 98242 408  23499 26.05
Muon: 95 98841 56  23508 26.05
Muon: 96 100700 44  23990 26.05
Muon: 97 105681 163  25074 26.05
Muon: 98 106911 435  25297 26.05
Muon: 99 109988 99  25984 26.05
Muon: 100 111199 103  26440 26.05
Muon: 101 112974 103  26751 26.05
Muon: 102 113925 319  26966 26.05
Muon: 103 114969 391  27194 26.05
Muon: 104 115627 124  27439 26.05
Muon: 105 115963 71  27448 26.05
Muon: 106 117693 243  27848 26.05
Muon: 107 117779 192  27860 26.05
Muon: 108 120395 51  28517 26.05
Muon: 109 121353 56  28732 26.05
Muon: 110 121513 48  28741 26.05
Muon: 111 122200 48  28973 26.05
Muon: 112 122277 145  28982 26.05
Muon: 113 122368 255  28991 26.05
Muon: 114 122518 88  29002 26.05
Muon: 115 122799 252  29068 26.05
Muon: 116 122896 179  29077 26.05
Muon: 117 123606 216  29326 26.05
Muon: 118 124334 103  29527 26.05
Muon: 119 124892 433  29536 26.05
Muon: 120 126268 124  29980 26.05
Muon: 121 126361 206  29991 26.05
Muon: 122 126855 280  30003 26.05
Muon: 123 128418 39  30449 26.05
Muon: 124 128922 140  30458 26.05
Muon: 125 130786 97  30906 26.05
Muon: 126 131243 60  31160 26.05
Muon: 127 134649 268  31808 26.05
Muon: 128 136445 440  32263 26.05
Muon: 129 137333 271  32491 26.05
Muon: 130 137444 39  32552 26.05
Muon: 131 137686 70  32561 26.05
Muon: 132 138189 335  32802 26.05
Muon: 133 138729 46  32811 26.05
Muon: 134 139587 158  33069 26.05
Muon: 135 139931 344  33078 26.05
Muon: 136 140382 143  33288 26.05
Muon: 137 140418 92  33300 26.05
Muon: 138 140431 408  33309 26.05
Muon: 139 142412 728  33775 25.41
Muon: 140 146404 71  34696 26.05
Muon: 141 149962 30  35320 26.05
Muon: 142 150662 48  35568 26.05
Muon: 143 151258 31  35768 26.05
Muon: 144 152760 185  35986 26.05
Muon: 145 155234 110  36718 26.05
Muon: 146 155823 56  36727 26.05
Muon: 147 156348 286  36946 26.05
Muon: 148 157658 291  37182 26.05
Muon: 149 158288 352  37435 26.05
Muon: 150 158536 108  37444 26.05
Muon: 151 158836 31  37455 26.05
Muon: 152 160417 49  37874 26.05
Muon: 153 160997 463  37883 26.05
Muon: 154 161344 280  38121 26.05
Muon: 155 162286 176  38377 26.05
Muon: 156 162984 71  38386 26.05
Muon: 157 163887 46  38593 26.05
Muon: 158 164303 110  38817 25.73
Muon: 159 164905 41  38829 26.05
Muon: 160 165188 88  39123 26.05
Muon: 161 165538 99  39132 26.05
Muon: 162 165639 96  39145 26.05
Muon: 163 167715 255  39603 26.05
Muon: 164 167942 108  39612 25.73
Muon: 165 168963 44  39838 25.73
Muon: 166 169606 96  40081 26.05
Muon: 167 170253 39  40344 26.05
Muon: 168 170853 216  40353 26.05
Muon: 169 173933 115  41021 26.05
Muon: 170 174662 67  41218 26.05
Muon: 171 175293 60  41431 26.05
Muon: 172 175442 127  41440 26.05
Muon: 173 175566 79  41449 26.05
Muon: 174 175772 156  41460 26.05
Muon: 175 178532 231  42172 26.05
Muon: 176 178954 145  42181 26.05
Muon: 177 179407 31  42397 25.73
Muon: 178 179750 99  42406 26.05
Muon: 179 180249 419  42639 25.41
Muon: 180 182849 152  43085 26.05
Muon: 181 183727 60  43304 25.41
Muon: 182 184866 152  43542 25.41
Muon: 183 185753 236  43794 25.41
Muon: 184 187530 48  44210 25.73
Muon: 185 190293 35  44889 25.41
Muon: 186 190425 188  44898 25.73
Muon: 187 190704 99  44907 25.41
Muon: 188 191691 352  45132 25.73
Muon: 189 194562 56  45871 25.73
Muon: 190 196555 255  46329 25.41
Muon: 191 196734 39  46338 25.73
Muon: 192 197208 207  46597 25.73
Muon: 193 197420 49  46606 25.52
Muon: 194 199230 24  47034 25.73
Muon: 195 199872 327  47043 24.87
Muon: 196 200251 127  47288 25.09
Muon: 197 202390 31  47691 25.73
Muon: 198 204501 127  48163 25.73
Muon: 199 207722 137  48790 25.09
Muon: 200 208821 76  49039 24.66
Muon: 201 209946 352  49240 24.87
Muon: 202 212932 312  49927 24.87
Muon: 203 213496 152  50131 24.87
Muon: 204 213736 25  50198 24.44
Muon: 205 214956 89  50418 24.87
Muon: 206 215569 172  50655 24.66
Muon: 207 216620 255  50909 24.66
Muon: 208 217303 28  51114 25.20
Muon: 209 218273 113  51336 24.87
Muon: 210 220907 71  51822 25.09
Muon: 211 221358 48  52029 24.66
Muon: 212 221699 96  52041 24.66
Muon: 213 222532 327  52265 24.66
Muon: 214 226368 67  53175 25.09
Muon: 215 227457 120  53418 24.44
Muon: 216 227899 167  53427 24.44
Muon: 217 229319 166  53895 24.98
Muon: 218 229386 48  53905 24.87
Muon: 219 230953 691  54186 24.44
Muon: 220 231294 575  54432 24.44
Muon: 221 231320 176  54441 24.66
Muon: 222 231401 48  54450 24.66
Muon: 223 231654 62  54459 24.44
Muon: 224 232524 76  54656 24.87
Muon: 225 232920 56  54665 24.44
Muon: 226 232934 96  54674 24.44
Muon: 227 239379 143  56217 24.66
Muon: 228 239748 71  56226 24.44
Muon: 229 239799 286  56239 24.66
Muon: 230 239930 211  56248 24.44
Muon: 231 243665 44  57131 24.44
Muon: 232 246225 54  57776 24.44
Muon: 233 247604 449  58032 24.44
Muon: 234 251333 88  58986 24.44
Muon: 235 251856 70  58995 24.44
Muon: 236 253836 30  59421 24.44
Muon: 237 254805 192  59664 24.44
Muon: 238 255992 412  59924 24.44
Muon: 239 256217 44  60135 24.44
Muon: 240 256364 39  60144 24.44
Muon: 241 259569 103  60795 24.44
Muon: 242 259688 28  60807 24.44
Muon: 243 260650 480  61020 24.44
Muon: 244 261540 161  61251 24.44
Muon: 245 263790 423  61688 24.44
Muon: 246 263908 113  61697 24.44
Muon: 247 264579 51  61913 24.44
Muon: 248 266525 83  62390 24.44
Muon: 249 266875 339  62451 24.44
Muon: 250 267508 30  62652 24.44
Muon: 251 267610 159  62661 24.44
Muon: 252 267725 359  62670 24.44
Muon: 253 267878 231  62679 24.44
Muon: 254 274330 355  64247 24.44
Muon: 255 274907 67  64256 24.44
Muon: 256 279491 384  65352 24.44
Muon: 257 281609 252  65814 24.44
Muon: 258 282969 57  66073 24.44
Muon: 259 284387 352  66501 24.44
Muon: 260 285275 332  66745 24.44
Muon: 261 285687 492  66754 24.44
Muon: 262 287841 368  67154 24.44
Muon: 263 288273 231  67383 24.44
Muon: 264 289767 51  67683 24.44
Muon: 265 289863 48  67692 24.44
Muon: 266 291368 103  68096 24.44
Muon: 267 292273 255  68328 24.44
Muon: 268 292487 417  68337 24.44
Muon: 269 293603 376  68586 24.44
Muon: 270 294445 30  68786 24.44
Muon: 271 294596 135  68795 24.44
Muon: 272 294942 323  68804 24.44
Muon: 273 295846 48  69024 24.44
Muon: 274 299682 167  69903 24.44
Muon: 275 300776 39  70140 24.44
Muon: 276 303331 39  70802 24.44
Muon: 277 303517 79  70820 24.44
Muon: 278 307389 48  71768 24.44
Muon: 279 307666 31  71777 24.44
Muon: 280 307899 192  71786 24.44
Muon: 281 308684 63  72027 24.44
Muon: 282 311345 184  72702 24.44
Muon: 283 311881 211  72711 24.44
Muon: 284 312747 216  72955 24.44
Muon: 285 313347 176  73216 24.44
Muon: 286 313587 44  73225 24.44
Muon: 287 314371 127  73437 24.44
Muon: 288 317449 225  74095 24.44
Muon: 289 317499 224  74108 24.44
Muon: 290 318214 163  74322 24.44
Muon: 291 319482 188  74553 24.44
Muon: 292 320723 227  74803 24.44
Muon: 293 322484 176  75265 24.44
Muon: 294 322513 271  75274 24.44
Muon: 295 323370 163  75507 24.44
Muon: 296 323917 51  75516 24.44
Muon: 297 325411 467  75959 24.44
Muon: 298 325534 204  75968 24.44
Muon: 299 325726 96  75977 24.44
Muon: 300 327933 135  76423 24.44
Muon: 301 330199 67  77083 24.44
Muon: 302 330358 51  77092 24.44
Muon: 303 331215 56  77333 24.44
Muon: 304 332215 39  77588 24.44
Muon: 305 334392 30  78008 24.44
Muon: 306 338246 142  78913 24.44
Muon: 307 338402 188  78927 24.44
Muon: 308 338550 192  78989 24.44
Muon: 309 338652 60  78998 24.44
Muon: 310 338920 255  79007 24.44
Muon: 311 339389 79  79250 24.44
Muon: 312 339919 30  79259 24.44
Muon: 313 342699 174  79939 24.44
Muon: 314 343912 312  80184 24.44
Muon: 315 344247 63  80380 24.44
Muon: 316 344300 179  80389 24.44
Muon: 317 345680 337  80629 24.44
Muon: 318 347384 28  81101 24.44
Muon: 319 347605 696  81110 24.44
Muon: 320 348489 135  81309 24.44
Muon: 321 349948 369  81525 24.44
Muon: 322 351941 332  82006 24.44
Muon: 323 352634 263  82447 24.44
Muon: 324 352651 88  82456 24.44
Muon: 325 353487 79  82674 24.44
Muon: 326 354910 207  82909 24.44
Muon: 327 355954 67  83161 24.44
Muon: 328 356600 254  83364 24.44
Muon: 329 356966 124  83373 24.44
Muon: 330 357322 103  83595 24.44
Muon: 331 358189 216  83832 24.44
Muon: 332 358294 56  83841 24.44
Muon: 333 358729 352  83853 24.44
Muon: 334 359395 415  84107 24.44
Muon: 335 362651 63  84758 24.44
Muon: 336 362836 206  84775 24.44
Muon: 337 365527 56  85497 24.44
Muon: 338 366410 312  85739 24.44
Muon: 339 366534 380  85748 24.44
Muon: 340 366708 39  85757 24.44
Muon: 341 366721 140  85766 24.44
Muon: 342 366936 60  85779 24.44
Muon: 343 369559 39  86457 24.44
Muon: 344 373589 113  87310 24.44
Muon: 345 375586 92  87746 24.44
Muon: 346 375607 88  87755 24.44
Muon: 347 375642 71  87764 24.44
Muon: 348 375799 368  87777 24.44
Muon: 349 376657 79  87992 24.44
Muon: 350 377665 112  88224 24.44
Muon: 351 377869 28  88235 24.44
Muon: 352 378737 207  88535 24.44
Muon: 353 382538 236  89410 24.44
Muon: 354 386753 120  90301 24.44
Muon: 355 387955 280  90506 24.44
Muon: 356 388527 25  90728 24.44
Muon: 357 388614 48  90737 24.44
Muon: 358 389760 28  90975 24.44
Muon: 359 390204 76  91230 24.44
Muon: 360 391635 384  91437 24.44
Muon: 361 391865 352  91448 24.44
Muon: 362 393478 163  91904 24.44
Muon: 363 393661 67  91916 24.44
Muon: 364 393834 192  91925 24.44
Muon: 365 395881 56  92384 24.44
Muon: 366 396847 31  92613 24.44
Muon: 367 398196 355  93164 24.44
Muon: 368 398510 167  93173 24.44
Muon: 369 402452 56  94030 24.44
Muon: 370 403311 31  94244 24.44
Muon: 371 405270 216  94714 24.44
Muon: 372 406350 63  94913 24.44
Muon: 373 406420 56  94924 24.44
Muon: 374 407582 319  95140 24.44
Muon: 375 408778 92  95373 24.44
Muon: 376 408879 199  95382 24.44
Muon: 377 411610 163  96035 24.44
Muon: 378 411815 31  96048 24.44
Muon: 379 413219 81  96530 24.44
Muon: 380 413867 120  96539 24.44
Muon: 381 414323 39  96745 24.44
Muon: 382 416960 39  97248 24.44
Muon: 383 417615 188  97503 24.44
Muon: 384 419808 312  97923 24.44
Muon: 385 420199 48  98163 24.44
Muon: 386 421439 96  98420 24.44
Muon: 387 423584 163  98844 24.44
Muon: 388 423877 120  98853 24.44
Muon: 389 424590 78  99096 24.44
Muon: 390 425596 88  99355 24.44
Muon: 391 426722 28  99566 24.44
Muon: 392 426742 120  99575 24.44
Muon: 393 427589 352  99806 24.44
Muon: 394 428909 248  100051 24.44
Muon: 395 429834 380  100247 24.44
Muon: 396 430409 348  100469 24.44
Muon: 397 433981 31  101178 24.44
Muon: 398 434271 25  101393 24.44
Muon: 399 437711 327  102057 24.44
Muon: 400 437949 227  102066 24.44
Muon: 401 438766 56  102284 24.44
Muon: 402 438823 294  102293 24.44
Muon: 403 439633 335  102528 24.44
Muon: 404 440219 192  102780 24.44
Muon: 405 440831 31  102789 24.44
Muon: 406 443320 216  103431 24.44
Muon: 407 444912 56  103685 24.44
Muon: 408 445300 337  103898 24.44
Muon: 409 448448 255  104597 24.44
Muon: 410 449323 327  104809 24.44
Muon: 411 449529 31  104872 24.44
Muon: 412 450292 220  105096 24.44
Muon: 413 452268 88  105588 24.44
Muon: 414 452305 96  105597 24.44
Muon: 415 454847 56  106025 24.44
Muon: 416 455906 252  106269 24.44
Muon: 417 456526 371  106530 24.44
Muon: 418 456751 60  106539 24.44
Muon: 419 458740 295  106971 24.44
Muon: 420 459384 33  107217 24.44
Muon: 421 459643 60  107226 24.44
Muon: 422 461254 46  107628 24.44
Muon: 423 461358 184  107640 24.44
Muon: 424 463917 54  108112 24.44
Muon: 425 464204 30  108315 24.44
Muon: 426 464988 135  108374 24.44
Muon: 427 466303 31  108816 24.44
Muon: 428 467344 57  109066 24.44
Muon: 429 467568 134  109075 24.44
Muon: 430 469561 63  109487 24.44
Muon: 431 473317 31  110374 24.44
Muon: 432 474585 56  110612 24.44
Muon: 433 475250 231  110867 24.44
Muon: 434 475628 60  110876 24.44
Muon: 435 475879 295  110885 24.44
Muon: 436 477584 312  111307 24.44
Muon: 437 480367 39  111997 24.44
Muon: 438 484328 31  112918 24.44
Muon: 439 484904 92  112928 24.44
Muon: 440 485243 289  113209 24.44
Muon: 441 485546 231  113218 24.44
Muon: 442 487615 473  113651 24.44
Muon: 443 487869 124  113664 24.44
Muon: 444 489862 177  114100 24.44
Muon: 445 491680 112  114538 24.44
Muon: 446 492927 176  114754 24.44
Muon: 447 496249 76  115629 24.44
Muon: 448 499241 28  116301 24.44
Muon: 449 499435 44  116310 24.44
Muon: 450 499743 65  116321 24.44
Muon: 451 505261 46  117658 24.44
Muon: 452 505586 135  117667 24.44
Muon: 453 506859 35  117930 24.44
Muon: 454 508898 102  118406 24.44
Muon: 455 509545 220  118652 24.44
Muon: 456 510372 198  118912 24.44
Muon: 457 512849 67  119342 24.44
Muon: 458 515220 368  119977 24.44
Muon: 459 515453 60  119986 24.44
Muon: 460 518519 108  120643 24.44
Muon: 461 519247 156  120858 24.44
Muon: 462 519933 319  120869 24.44
Muon: 463 520329 79  121101 24.44
Muon: 464 520343 113  121110 24.44
Muon: 465 521431 39  121359 24.44
Muon: 466 521901 147  121368 24.44
Muon: 467 525517 188  122247 24.44
Muon: 468 525810 96  122267 24.44
Muon: 469 525923 35  122326 24.44
Muon: 470 527249 140  122740 24.44
Muon: 471 527545 192  122749 24.44
Muon: 472 527781 60  122758 24.44
Muon: 473 528381 30  122995 24.44
Muon: 474 531540 94  123662 24.44
Muon: 475 532285 193  123901 24.44
Muon: 476 533617 63  124157 24.44
Muon: 477 534568 369  124364 24.44
Muon: 478 535718 96  124589 24.44
Muon: 479 536591 76  124830 24.44
Muon: 480 538198 224  125289 24.44
Muon: 481 538682 163  125300 24.44
Muon: 482 539409 147  125529 24.44
Muon: 483 540240 71  125830 24.44
Muon: 484 541643 48  126090 24.44
Muon: 485 541794 39  126099 24.44
Muon: 486 542531 92  126315 24.44
Muon: 487 544811 83  126781 24.44
Muon: 488 545460 103  126978 24.44
Muon: 489 547303 124  127416 24.44
Muon: 490 547397 332  127425 24.44
Muon: 491 547696 167  127434 24.44
Muon: 492 548894 448  127682 24.44
Muon: 493 548985 224  127693 24.44
Muon: 494 550357 120  128101 24.44
Muon: 495 550574 63  128110 24.44
Muon: 496 552389 56  128584 24.44
Muon: 497 558394 63  129876 24.44
Muon: 498 558492 33  129949 24.44
Muon: 499 560706 384  130433 24.44
Muon: 500 560721 231  130442 24.44
Muon: 501 562884 396  130864 24.44
Muon: 502 566637 96  131771 24.44
Muon: 503 567265 67  132014 24.44
Muon: 504 567403 287  132023 24.44
Muon: 505 567682 199  132032 24.44
Muon: 506 571259 126  132949 24.44
Muon: 507 571529 220  132958 24.44
Muon: 508 572446 159  133155 24.44
Muon: 509 575254 527  133830 24.44
Muon: 510 575323 25  133839 24.44
Muon: 511 575856 48  133850 24.44
Muon: 512 580898 65  134971 24.44
Muon: 513 580971 156  134980 24.44
Muon: 514 581618 259  135198 24.44
Muon: 515 582689 63  135433 24.44
Muon: 516 582908 376  135442 24.44
Muon: 517 584651 63  135889 24.44
Muon: 518 585689 96  136109 24.44
Muon: 519 586950 216  136346 24.44
Muon: 520 588752 71  136797 24.44
Muon: 521 590734 323  137251 24.44
Muon: 522 591621 28  137508 24.44
Muon: 523 591785 30  137517 24.44
Muon: 524 591883 176  137526 24.44
Muon: 525 592494 262  137734 24.44
Muon: 526 592860 33  137742 24.44
Muon: 527 593322 35  138026 24.44
Muon: 528 593401 41  138038 24.44
Muon: 529 593698 83  138047 24.44
Muon: 530 595738 76  138539 24.44
Muon: 531 596424 153  138749 24.44
Muon: 532 598310 199  139213 24.44
Muon: 533 598460 78  139226 24.44
Muon: 534 598511 220  139235 24.44
Muon: 535 598682 96  139244 24.44
Muon: 536 600269 159  139644 24.44
Muon: 537 600560 206  139653 24.44
Muon: 538 600759 428  139662 24.44
Muon: 539 600842 220  139671 24.44
Muon: 540 603243 318  140333 24.44
Muon: 541 604329 176  140600 24.44
Muon: 542 605420 231  140832 24.44
Muon: 543 605716 31  140845 24.44
Muon: 544 606331 159  141094 24.44
Muon: 545 607907 179  141299 24.44
Muon: 546 611269 39  142178 24.44
Muon: 547 611701 115  142187 24.44
Muon: 548 612594 163  142407 24.44
Muon: 549 612686 385  142416 24.44
Muon: 550 613422 39  142653 24.44
Muon: 551 615383 440  143102 24.44
Muon: 552 615725 207  143113 24.44
Muon: 553 617737 176  143565 24.44
Muon: 554 623876 158  144917 24.44
Muon: 555 625368 46  145432 24.44
Muon: 556 625523 192  145441 24.44
Muon: 557 628264 67  146125 24.44
Muon: 558 629474 88  146374 24.44
Muon: 559 632634 248  146998 24.44
Muon: 560 634399 252  147437 24.44
Muon: 561 635374 344  147654 24.44
Muon: 562 635732 145  147663 24.44
Muon: 563 636339 60  147897 24.44
Muon: 564 636957 147  147910 24.44
Muon: 565 637816 96  148160 24.44
Muon: 566 638382 56  148362 24.44
Muon: 567 638442 35  148371 24.44
Muon: 568 638452 467  148380 24.44
Muon: 569 639996 327  148602 24.44
Muon: 570 642904 35  149334 24.44
Muon: 571 645446 192  150030 24.44
Muon: 572 645685 48  150039 24.44
Muon: 573 646325 344  150248 24.44
Muon: 574 648586 56  150702 24.44
Muon: 575 653335 51  151858 24.44
Muon: 576 653535 192  151867 24.44
Muon: 577 653942 44  151876 24.44
Muon: 578 654243 63  152087 24.44
Muon: 579 655394 51  152315 24.44
Muon: 580 655811 103  152324 24.44
Muon: 581 655949 76  152333 24.44
Muon: 582 657530 184  152765 24.44
Muon: 583 660303 408  153440 24.44
Muon: 584 660662 44  153502 24.44
Muon: 585 668427 284  155239 24.44
Muon: 586 669456 46  155442 24.44
Muon: 587 670631 83  155662 24.44
Muon: 588 674539 60  156562 24.44
Muon: 589 676213 184  157048 24.44
Muon: 590 676778 207  157057 24.44
Muon: 591 678385 167  157481 24.44
Muon: 592 678680 41  157490 24.44
Muon: 593 678807 112  157499 24.44
Muon: 594 679656 134  157741 24.44
Muon: 595 679997 60  157750 24.44
Muon: 596 680525 275  158009 24.44
Muon: 597 683327 403  158674 24.44
Muon: 598 685203 561  159125 24.44
Muon: 599 685840 199  159134 24.44
Muon: 600 686592 188  159368 24.44
Muon: 601 687505 449  159614 24.44
Muon: 602 689434 419  160018 24.44
Muon: 603 689681 115  160030 24.44
Muon: 604 692614 39  160693 24.44
Muon: 605 693783 67  160910 24.44
Muon: 606 695358 39  161386 24.44
Muon: 607 698372 124  162025 24.44
Muon: 608 701210 102  162687 24.44
Muon: 609 701306 243  162696 24.44
Muon: 610 702901 124  162935 24.44
Muon: 611 703654 78  163191 24.44
Muon: 612 704421 140  163400 24.44
Muon: 613 708493 28  164362 24.44
Muon: 614 709380 252  164588 24.44
Muon: 615 709909 126  164597 24.44
Muon: 616 712923 192  165294 24.44
Muon: 617 714457 25  165760 24.44
Muon: 618 714479 56  165772 24.44
Muon: 619 718677 56  166635 24.44
Muon: 620 721677 211  167265 24.44
Muon: 621 722569 248  167515 24.44
Muon: 622 724375 83  167927 24.44
Muon: 623 725836 62  168162 24.44
Muon: 624 727293 504  168613 24.44
Muon: 625 728390 51  168834 24.44
Muon: 626 732341 112  169730 24.44
Muon: 627 736534 432  170687 24.44
Muon: 628 737360 56  170929 24.44
Muon: 629 738695 176  171188 24.44
Muon: 630 739315 48  171399 24.44
Muon: 631 739520 103  171408 24.44
Muon: 632 739774 99  171417 24.44
Muon: 633 739940 83  171430 24.44
Muon: 634 740406 67  171658 24.44
Muon: 635 741528 225  171902 24.44
Muon: 636 743875 24  172302 24.44
Muon: 637 745726 39  172770 24.44
Muon: 638 747654 67  173174 24.44
Muon: 639 750213 231  173838 24.44
Muon: 640 750842 380  173847 24.44
Muon: 641 751239 86  174077 24.44
Muon: 642 752681 131  174362 24.44
Muon: 643 753298 184  174614 24.44
Muon: 644 753717 56  174623 24.44
Muon: 645 755300 94  175037 24.44
Muon: 646 756517 39  175274 24.44
Muon: 647 759226 32  175937 24.44
Muon: 648 759669 44  175949 24.44
Muon: 649 762622 49  176633 24.44
Muon: 650 762659 79  176642 24.44
Muon: 651 763619 28  176866 24.44
Muon: 652 764738 71  177107 24.44
Muon: 653 765561 35  177369 24.44
Muon: 654 766397 176  177579 24.44
Muon: 655 769498 62  178295 24.44
Muon: 656 769749 211  178357 24.44
Muon: 657 770585 39  178569 24.44
Muon: 658 771557 393  178798 24.44
Muon: 659 771744 131  178807 24.44
Muon: 660 773210 344  179242 24.44
Muon: 661 773927 57  179251 24.44
Muon: 662 774209 63  179465 24.44
Muon: 663 774740 28  179478 24.44
Muon: 664 776736 113  179948 24.44
Muon: 665 778491 56  180360 24.44
Muon: 666 779438 188  180594 24.44
Muon: 667 780359 231  180845 24.44
Muon: 668 780377 46  180854 24.44
Muon: 669 780638 83  180863 24.44
Muon: 670 780858 35  180873 24.44
Muon: 671 782779 318  181343 24.44
Muon: 672 784565 307  181823 24.44
Muon: 673 784634 76  181832 24.44
Muon: 674 785371 451  182036 24.44
Muon: 675 785738 207  182045 24.44
Muon: 676 786718 385  182267 24.44
Muon: 677 787419 44  182506 24.44
Muon: 678 787489 99  182518 24.44
Muon: 679 788001 79  182527 24.44
Muon: 680 790438 270  183194 24.44
Muon: 681 790978 369  183203 24.44
Muon: 682 795839 371  184344 24.44
Muon: 683 799402 177  185261 24.44
Muon: 684 801404 63  185668 24.44
Muon: 685 801477 25  185729 24.44
Muon: 686 806672 145  186819 24.44
Muon: 687 807971 480  187069 24.44
Muon: 688 808923 63  187271 24.44
Muon: 689 809945 63  187489 24.44
Muon: 690 810853 527  187724 24.44
Muon: 691 810887 152  187733 24.44
Muon: 692 814788 39  188621 24.44
Muon: 693 815659 224  188879 24.44
Muon: 694 815681 51  188888 24.44
Muon: 695 815698 31  188897 24.44
Muon: 696 816805 30  189103 24.44
Muon: 697 820953 48  190004 24.44
Muon: 698 821473 295  190231 24.44
Muon: 699 821675 88  190292 24.44
Muon: 700 827474 195  191625 24.44
Muon: 701 829212 30  192063 24.44
Muon: 702 832208 78  192705 24.44
Muon: 703 832341 166  192714 24.44
Muon: 704 832632 92  192723 24.44
Muon: 705 834617 28  193195 24.44
Muon: 706 836677 120  193603 24.44
Muon: 707 837292 192  193838 24.44
Muon: 708 838454 28  194097 24.44
Muon: 709 838936 31  194106 24.44
Muon: 710 839803 220  194309 24.44
Muon: 711 840428 71  194529 24.44
Muon: 712 840485 350  194538 24.44
Muon: 713 840823 366  194548 24.44
Muon: 714 842860 188  195087 24.44
Muon: 715 842958 209  195096 24.44
Muon: 716 843604 71  195301 24.44
Muon: 717 847387 46  196198 24.44
Muon: 718 848313 142  196422 24.44
Muon: 719 849706 102  196663 24.44
Muon: 720 852797 41  197342 24.44
Muon: 721 853670 248  197585 24.44
Muon: 722 854305 156  197846 24.44
Muon: 723 854398 366  197858 24.34
Muon: 724 854876 88  197867 24.34
Muon: 725 855537 76  198079 24.44
Muon: 726 857712 270  198545 24.44
Muon: 727 857955 112  198556 24.44
Muon: 728 858958 126  198979 24.44
Muon: 729 859772 103  199193 24.44
Muon: 730 860406 112  199424 24.34
Muon: 731 864515 28  200300 24.34
Muon: 732 864749 318  200309 24.44
Muon: 733 867640 243  200963 24.44
Muon: 734 869523 35  201443 24.34
Muon: 735 869859 376  201452 24.23
Muon: 736 869976 76  201461 24.34
Muon: 737 870929 409  201665 24.23
Muon: 738 871305 159  201893 24.44
Muon: 739 871991 163  201902 24.23
Muon: 740 874826 83  202584 24.34
Muon: 741 875282 48  202807 24.23
Muon: 742 876783 89  203049 24.23
Muon: 743 878775 268  203564 24.23
Muon: 744 879438 63  203790 24.34
Muon: 745 880208 455  204033 24.12
Muon: 746 881532 35  204293 24.23
Muon: 747 883244 519  204723 24.12
Muon: 748 884324 48  204968 24.12
Muon: 749 886676 316  205370 24.23
Muon: 750 888629 414  205840 24.12
Muon: 751 889530 156  206039 24.12
Muon: 752 891242 412  206479 24.12
Muon: 753 891687 56  206491 24.12
Muon: 754 892230 39  206741 24.23
Muon: 755 893994 65  206942 24.12
Muon: 756 894733 355  207164 24.12
Muon: 757 896389 35  207695 24.12
Muon: 758 897888 41  207898 24.12
Muon: 759 899188 496  208346 24.12
Muon: 760 899280 350  208355 24.12
Muon: 761 899664 63  208364 24.23
Muon: 762 901620 60  208815 24.12
