--
### UWU'fied CosmicWatch
### date time Event Atime[ms] ADC[0-1023] Deadtime[ms] Temp[C]
-- Detector name: UwU OwO
1 48318 270 10933 19.61
2 59274 718 13342 19.61
3 74783 369 16660 19.61
4 103939 304 22973 17.35
5 147974 455 32662 16.71
6 165558 31 36829 15.74
7 178880 304 39641 15.74
8 205977 457 45580 14.13
9 207192 287 45990 14.13
10 208654 211 46226 14.13
11 212832 352 47115 14.13
12 214254 287 47569 14.13
13 219666 273 48688 14.13
14 255406 295 56583 12.84
15 255656 304 56592 12.84
16 262470 147 58090 12.41
17 263834 655 58341 12.20
18 293513 455 64914 11.88
19 321956 319 71081 11.88
20 344660 319 76113 10.59
21 349843 463 77191 10.59
22 394528 318 87184 9.30
23 433427 259 95707 9.30
24 469554 344 103591 7.69
25 510685 352 112635 6.72
26 521209 327 114990 6.72
27 531307 350 117215 6.72
28 577427 323 127247 6.07
29 583943 508 128577 6.07
30 604874 467 133199 5.43
31 617497 135 136077 5.43
32 669208 334 147446 3.82
33 684953 563 150758 3.82
34 711294 307 156669 3.82
35 714640 352 157297 3.82
36 728968 319 160381 3.82
37 732203 316 161496 3.82
38 733663 415 161722 3.82
39 736237 396 162419 3.82
40 739909 364 163074 3.82
41 747967 304 164807 3.82
42 750271 455 165497 3.82
43 752473 399 165914 3.82
44 822809 295 181298 3.50
45 823682 448 181544 3.50
46 834871 348 183904 2.53
47 844815 199 186128 2.53
48 861752 643 189831 2.53
