### UWU'fied CosmicWatch
### date time Event Atime[ms] ADC[0-1023] Deadtime[ms] Temp[C]
-- Detector name: UwU OwO
Muon: 1 186 6  422 22.19
Muon: 2 339 127  458 22.19
Muon: 3 1631 126  684 22.19
Muon: 4 2557 172  924 22.19
Muon: 5 2893 159  935 22.19
Muon: 6 5409 79  1605 22.19
Muon: 7 8606 319  2295 22.19
Muon: 8 9567 60  2524 22.19
Muon: 9 9903 192  2535 22.19
Muon: 10 9992 73  2546 22.19
Muon: 11 10856 60  2791 22.19
Muon: 12 10896 63  2802 22.19
Muon: 13 12630 44  3266 22.19
Muon: 14 12788 39  3277 22.19
Muon: 15 12861 44  3288 22.19
Muon: 16 12875 112  3299 22.19
Muon: 17 13797 65  3530 22.19
Muon: 18 14932 56  3777 22.19
Muon: 19 15967 56  3976 22.19
Muon: 20 16797 96  4195 22.19
Muon: 21 17682 472  4428 22.19
Muon: 22 20468 179  5075 22.19
Muon: 23 21623 56  5310 22.19
Muon: 24 21661 71  5321 22.19
Muon: 25 25192 67  6200 22.19
Muon: 26 25568 150  6211 21.76
Muon: 27 27794 92  6661 22.19
Muon: 28 30478 275  7358 21.54
Muon: 29 31366 185  7566 21.54
Muon: 30 31468 30  7577 21.54
Muon: 31 32853 30  7802 21.76
Muon: 32 33561 127  8044 21.54
Muon: 33 34513 167  8303 21.54
Muon: 34 34561 35  8314 21.54
Muon: 35 34968 88  8325 21.54
Muon: 36 35397 103  8538 21.54
Muon: 37 38253 271  9249 21.54
Muon: 38 38342 158  9260 21.54
Muon: 39 38659 167  9271 21.54
Muon: 40 40308 39  9703 21.54
Muon: 41 40382 263  9714 21.54
Muon: 42 40580 176  9725 21.54
Muon: 43 40668 134  9736 21.54
Muon: 44 41609 174  9983 21.54
Muon: 45 41969 99  9994 21.54
Muon: 46 42835 359  10192 21.54
Muon: 47 43189 167  10407 21.54
Muon: 48 43337 192  10418 21.54
Muon: 49 43685 56  10429 21.54
Muon: 50 44574 384  10661 21.33
Muon: 51 45685 70  10910 21.11
Muon: 52 45789 204  10924 21.33
Muon: 53 46240 167  11125 21.54
Muon: 54 46254 38  11136 21.11
Muon: 55 46513 323  11147 21.11
Muon: 56 49629 30  11828 20.90
Muon: 57 49761 287  11839 20.90
Muon: 58 49981 103  11850 20.90
Muon: 59 50911 48  12053 20.90
Muon: 60 51815 147  12273 20.90
Muon: 61 52362 67  12510 20.90
Muon: 62 52988 463  12521 20.90
Muon: 63 53815 44  12774 20.90
Muon: 64 55553 46  13190 20.90
Muon: 65 57219 30  13674 20.90
Muon: 66 59842 556  14094 20.90
Muon: 67 60511 284  14335 20.90
Muon: 68 60736 454  14349 20.90
Muon: 69 60789 97  14360 20.90
Muon: 70 60841 96  14371 20.90
Muon: 71 60978 83  14382 20.90
Muon: 72 61733 289  14640 20.90
Muon: 73 64697 280  15299 20.90
Muon: 74 66236 48  15761 20.90
Muon: 75 66765 56  15772 20.90
Muon: 76 67244 326  16001 20.90
Muon: 77 67788 204  16012 20.90
Muon: 78 68778 79  16258 20.58
Muon: 79 69324 96  16455 20.90
Muon: 80 76272 225  17980 19.72
Muon: 81 78300 177  18390 19.72
Muon: 82 78860 335  18401 19.72
Muon: 83 82537 184  19285 19.61
Muon: 84 84497 263  19767 19.61
Muon: 85 87551 113  20414 19.61
Muon: 86 87808 92  20425 19.61
Muon: 87 88468 110  20682 19.61
Muon: 88 89276 376  20891 19.61
Muon: 89 91739 142  21349 19.61
Muon: 90 92972 70  21609 19.61
Muon: 91 93733 135  21820 19.61
Muon: 92 95861 263  22282 19.61
Muon: 93 97574 177  22746 19.61
Muon: 94 98555 88  22976 19.61
Muon: 95 100405 515  23410 19.61
Muon: 96 100817 272  23421 19.61
Muon: 97 101574 88  23637 19.61
Muon: 98 101600 231  23648 19.61
Muon: 99 101616 127  23662 19.61
Muon: 100 101718 143  23673 19.61
Muon: 101 101799 174  23684 19.61
Muon: 102 101954 39  23695 19.61
Muon: 103 102581 152  23928 19.61
Muon: 104 104542 44  24368 19.61
Muon: 105 105193 216  24586 19.61
Muon: 106 105482 236  24597 19.61
Muon: 107 106194 366  24832 19.61
Muon: 108 106570 88  24843 19.61
Muon: 109 107192 31  25095 19.61
Muon: 110 107259 30  25106 19.61
Muon: 111 107769 143  25117 19.61
Muon: 112 109295 391  25529 19.61
Muon: 113 110993 81  25766 19.61
Muon: 114 111898 248  26023 19.61
Muon: 115 112888 44  26229 19.61
Muon: 116 114860 56  26679 19.61
Muon: 117 115671 142  26935 19.61
Muon: 118 118538 63  27588 18.64
Muon: 119 118857 56  27599 18.32
Muon: 120 119357 39  27858 18.64
Muon: 121 119566 44  27869 18.00
Muon: 122 119839 79  27880 18.32
Muon: 123 120899 30  28090 18.00
Muon: 124 121457 30  28317 18.00
Muon: 125 121617 51  28328 18.00
Muon: 126 121691 63  28339 18.00
Muon: 127 121719 121  28350 18.00
Muon: 128 123728 131  28845 18.00
Muon: 129 123969 240  28859 18.00
Muon: 130 124209 270  29072 18.00
Muon: 131 124504 255  29083 18.00
Muon: 132 124548 92  29094 18.00
Muon: 133 125828 176  29324 18.00
Muon: 134 127773 179  29758 18.00
Muon: 135 128878 159  29973 18.00
Muon: 136 130465 172  30443 18.00
Muon: 137 132895 103  30850 18.00
Muon: 138 133277 56  31084 18.00
Muon: 139 133491 44  31095 18.00
Muon: 140 133641 44  31106 18.00
Muon: 141 133709 81  31117 18.00
Muon: 142 134425 88  31368 18.00
Muon: 143 134583 204  31379 18.00
Muon: 144 134632 327  31393 18.00
Muon: 145 138361 231  32274 18.00
Muon: 146 140864 449  32690 17.35
Muon: 147 142285 35  33174 17.35
Muon: 148 142750 152  33185 17.35
Muon: 149 142794 94  33196 17.35
Muon: 150 144265 62  33616 17.35
Muon: 151 144488 89  33627 17.35
Muon: 152 146860 63  34115 17.35
Muon: 153 146874 323  34126 17.35
Muon: 154 149596 48  34785 17.35
Muon: 155 149804 143  34796 17.35
Muon: 156 150226 319  35057 17.35
Muon: 157 151730 33  35269 16.71
Muon: 158 152227 44  35501 16.71
Muon: 159 152500 304  35512 16.71
Muon: 160 152818 71  35523 16.71
Muon: 161 153745 543  35769 16.71
Muon: 162 154339 504  36032 16.71
Muon: 163 156450 83  36466 16.71
Muon: 164 157844 76  36714 16.71
Muon: 165 160337 49  37340 16.71
Muon: 166 162438 280  37781 16.71
Muon: 167 162515 38  37792 16.71
Muon: 168 162574 62  37803 16.71
Muon: 169 165624 48  38489 16.71
Muon: 170 167213 316  38903 16.71
Muon: 171 167322 359  38914 16.71
Muon: 172 167803 97  38925 16.71
Muon: 173 167984 39  38939 16.71
Muon: 174 168304 231  39177 16.71
Muon: 175 168951 387  39188 16.71
Muon: 176 171521 316  39852 16.71
Muon: 177 172832 48  40092 16.71
Muon: 178 173229 39  40349 16.71
Muon: 179 175250 88  40773 16.71
Muon: 180 177280 48  41265 16.71
Muon: 181 177929 142  41276 16.71
Muon: 182 178498 31  41487 16.71
Muon: 183 178589 48  41498 16.71
Muon: 184 179769 355  41726 16.49
Muon: 185 179842 172  41737 16.49
Muon: 186 179977 56  41748 16.39
Muon: 187 180558 295  41993 16.39
Muon: 188 180584 103  42007 16.39
Muon: 189 182571 35  42472 16.39
Muon: 190 183300 252  42702 16.39
Muon: 191 183577 415  42713 16.39
Muon: 192 183800 76  42724 16.39
Muon: 193 184800 147  42971 16.39
Muon: 194 185539 291  43170 16.39
Muon: 195 187955 142  43608 16.39
Muon: 196 189723 129  44048 16.39
Muon: 197 190583 428  44266 15.74
Muon: 198 190918 41  44277 15.96
Muon: 199 191842 254  44512 15.96
Muon: 200 192883 252  44764 15.74
Muon: 201 193589 167  44968 15.74
Muon: 202 194514 99  45188 15.74
Muon: 203 195520 115  45428 15.74
Muon: 204 195603 120  45439 15.74
Muon: 205 198283 312  46101 15.74
Muon: 206 199261 268  46341 15.74
Muon: 207 199614 57  46352 15.74
Muon: 208 200409 32  46633 15.74
Muon: 209 200471 31  46644 15.74
Muon: 210 201394 192  46852 15.74
Muon: 211 202938 103  47077 15.74
Muon: 212 203519 380  47319 15.74
Muon: 213 203832 96  47330 15.74
Muon: 214 203955 36  47341 15.74
Muon: 215 204512 89  47600 15.74
Muon: 216 204757 70  47611 15.74
Muon: 217 204908 193  47622 15.74
Muon: 218 204935 220  47636 15.74
Muon: 219 205901 44  47847 15.74
Muon: 220 207650 300  48307 15.21
Muon: 221 207705 243  48318 15.42
Muon: 222 208424 60  48579 15.10
Muon: 223 208921 494  48590 14.35
Muon: 224 210335 323  49022 14.88
Muon: 225 210387 334  49034 14.78
Muon: 226 210928 51  49057 14.56
Muon: 227 212195 71  49491 14.13
Muon: 228 212923 561  49502 14.13
Muon: 229 213978 156  49717 14.13
Muon: 230 214374 312  49950 14.13
Muon: 231 214572 414  49962 14.13
Muon: 232 215996 399  50214 14.13
Muon: 233 216659 97  50415 14.13
Muon: 234 216767 135  50427 14.13
Muon: 235 220366 127  51300 14.13
Muon: 236 221418 248  51521 14.13
Muon: 237 221694 295  51540 14.13
Muon: 238 221906 174  51551 14.13
Muon: 239 222518 224  51787 14.13
Muon: 240 223368 79  52041 14.13
Muon: 241 224219 71  52246 14.13
Muon: 242 224650 195  52257 14.13
Muon: 243 230422 152  53591 14.13
Muon: 244 230656 312  53603 14.13
Muon: 245 230986 207  53614 14.13
Muon: 246 231524 39  53872 14.13
Muon: 247 233574 76  54299 14.13
Muon: 248 236378 127  54992 14.13
Muon: 249 239459 35  55708 14.13
Muon: 250 240968 71  55922 14.13
Muon: 251 241676 62  56153 14.13
Muon: 252 245221 56  57016 14.13
Muon: 253 245566 39  57027 14.13
Muon: 254 247390 51  57468 14.13
Muon: 255 247789 240  57479 14.13
Muon: 256 248500 192  57699 14.13
Muon: 257 249693 207  57935 14.13
Muon: 258 251324 25  58381 14.13
Muon: 259 252233 287  58602 14.13
Muon: 260 252589 112  58614 14.13
Muon: 261 252978 56  58625 14.13
Muon: 262 253337 254  58866 14.13
Muon: 263 253471 120  58878 14.13
Muon: 264 254526 31  59133 14.13
Muon: 265 257223 231  59780 13.92
Muon: 266 257473 294  59791 13.92
Muon: 267 258729 158  60049 13.92
Muon: 268 258939 46  60060 13.81
Muon: 269 259387 268  60268 13.81
Muon: 270 260378 39  60494 13.81
Muon: 271 261302 92  60736 13.81
Muon: 272 261430 121  60747 13.81
Muon: 273 262400 51  61008 13.81
Muon: 274 262627 135  61019 13.49
Muon: 275 264299 63  61447 12.84
Muon: 276 265346 220  61692 12.84
Muon: 277 265666 334  61706 12.84
Muon: 278 265826 131  61717 12.84
Muon: 279 266830 63  61980 12.84
Muon: 280 267349 460  62193 12.84
Muon: 281 267402 46  62205 12.84
Muon: 282 267570 304  62216 12.84
Muon: 283 269836 348  62684 12.84
Muon: 284 271429 88  63088 12.84
Muon: 285 272213 88  63320 12.84
Muon: 286 273311 176  63569 12.84
Muon: 287 273398 231  63580 12.84
Muon: 288 274621 380  63781 12.84
Muon: 289 276647 376  64224 12.84
Muon: 290 276827 159  64235 12.84
Muon: 291 277228 103  64487 12.84
Muon: 292 278484 102  64693 12.84
Muon: 293 282848 184  65579 12.84
Muon: 294 283352 48  65802 12.84
Muon: 295 283934 408  65813 12.41
Muon: 296 285282 51  66299 12.63
Muon: 297 285948 193  66310 12.41
Muon: 298 286502 56  66518 12.20
Muon: 299 287618 33  66743 12.41
Muon: 300 287663 384  66754 12.20
Muon: 301 289529 105  67245 12.20
Muon: 302 290270 184  67455 12.20
Muon: 303 291631 337  67683 12.20
Muon: 304 292626 115  67927 12.20
Muon: 305 293643 199  68189 12.20
Muon: 306 294493 56  68405 12.20
Muon: 307 295398 323  68634 12.20
Muon: 308 295893 335  68646 12.20
Muon: 309 298911 184  69285 12.20
Muon: 310 299331 46  69518 12.20
Muon: 311 300404 307  69767 12.20
Muon: 312 300654 48  69778 12.20
Muon: 313 301576 71  69978 12.09
Muon: 314 301833 220  69989 11.98
Muon: 315 304549 305  70670 11.88
Muon: 316 304747 327  70682 11.88
Muon: 317 305613 543  70886 11.88
Muon: 318 306535 63  71107 11.88
Muon: 319 307338 184  71343 11.88
Muon: 320 307758 28  71354 11.88
Muon: 321 308251 88  71610 11.88
Muon: 322 308725 31  71621 11.88
Muon: 323 310806 31  72037 11.88
Muon: 324 311208 51  72275 11.88
Muon: 325 314727 97  72939 11.88
Muon: 326 315304 263  73180 11.88
Muon: 327 315718 56  73192 11.88
Muon: 328 316385 364  73450 11.88
Muon: 329 316882 143  73462 11.88
Muon: 330 317796 216  73672 11.88
Muon: 331 318656 76  73899 11.88
Muon: 332 318821 38  73910 11.88
Muon: 333 320922 140  74402 11.88
Muon: 334 323190 145  75068 11.88
Muon: 335 323489 63  75080 11.88
Muon: 336 323893 281  75094 11.88
Muon: 337 325530 56  75561 11.88
Muon: 338 327258 207  76029 11.88
Muon: 339 329859 371  76434 11.88
Muon: 340 330940 163  76668 11.88
Muon: 341 332354 25  77110 11.88
Muon: 342 332936 30  77121 11.88
Muon: 343 333898 28  77339 11.88
Muon: 344 336754 39  78008 11.88
Muon: 345 336834 33  78019 11.88
Muon: 346 338252 31  78467 11.88
Muon: 347 343193 39  79604 11.88
Muon: 348 343264 67  79616 11.88
Muon: 349 345203 35  80038 11.45
Muon: 350 346638 124  80280 11.88
Muon: 351 346949 664  80294 11.45
Muon: 352 347317 377  80555 11.66
Muon: 353 347359 224  80567 11.66
Muon: 354 347816 96  80579 11.45
Muon: 355 347953 76  80590 11.88
Muon: 356 349974 233  81018 11.45
Muon: 357 351649 332  81515 11.45
Muon: 358 351692 207  81527 11.23
Muon: 359 351831 312  81539 11.45
Muon: 360 352240 48  81753 11.45
Muon: 361 355540 145  82406 11.23
Muon: 362 356378 48  82623 11.23
Muon: 363 357474 211  82855 11.23
Muon: 364 357627 48  82867 11.23
Muon: 365 358967 51  83116 11.02
Muon: 366 360929 33  83527 11.02
Muon: 367 361991 44  83762 10.59
Muon: 368 363335 51  84205 10.59
Muon: 369 364274 112  84425 10.59
Muon: 370 364366 38  84437 10.59
Muon: 371 364463 199  84448 10.59
Muon: 372 367212 112  85124 10.59
Muon: 373 367788 44  85136 10.59
Muon: 374 368221 115  85358 10.59
Muon: 375 369187 142  85598 10.59
Muon: 376 369693 255  85610 10.59
Muon: 377 369727 224  85622 10.59
Muon: 378 370327 92  85880 10.59
Muon: 379 370474 71  85891 10.59
Muon: 380 371974 79  86098 10.59
Muon: 381 372433 159  86326 10.59
Muon: 382 372979 177  86338 10.59
Muon: 383 374405 412  86829 10.59
Muon: 384 375497 348  87040 10.59
Muon: 385 376209 144  87268 10.59
Muon: 386 378425 281  87763 10.59
Muon: 387 378482 147  87775 10.59
Muon: 388 379219 312  87988 10.59
Muon: 389 379766 575  88000 10.59
Muon: 390 380548 76  88231 10.59
Muon: 391 380593 124  88242 10.59
Muon: 392 380650 49  88254 10.59
Muon: 393 381422 96  88500 10.59
Muon: 394 382974 192  88698 10.59
Muon: 395 383506 255  88916 10.59
Muon: 396 383591 63  88928 10.59
Muon: 397 383656 46  88939 10.59
Muon: 398 384723 33  89170 10.59
Muon: 399 384806 435  89181 10.59
Muon: 400 385774 96  89431 10.59
Muon: 401 386939 172  89631 10.59
Muon: 402 390978 92  90503 9.62
Muon: 403 391743 319  90722 9.62
Muon: 404 392760 305  90959 9.62
Muon: 405 393520 159  91212 9.62
Muon: 406 393863 44  91223 9.62
Muon: 407 394518 263  91427 9.51
Muon: 408 396277 57  91876 9.51
Muon: 409 396597 227  91887 9.51
Muon: 410 398452 384  92341 9.30
Muon: 411 399673 28  92565 9.30
Muon: 412 399960 152  92576 9.30
Muon: 413 402321 248  93262 9.30
Muon: 414 402423 179  93299 9.30
Muon: 415 403670 35  93525 9.30
Muon: 416 404670 48  93768 9.30
Muon: 417 405640 195  94028 9.30
Muon: 418 406259 406  94240 9.30
Muon: 419 406481 240  94252 9.30
Muon: 420 407662 263  94481 9.30
Muon: 421 409509 195  94978 9.30
Muon: 422 410954 124  95193 9.30
Muon: 423 411189 83  95424 9.30
Muon: 424 412355 224  95671 9.30
Muon: 425 412379 70  95683 9.30
Muon: 426 413439 89  95885 9.30
Muon: 427 413752 127  95896 9.30
Muon: 428 415659 28  96334 9.30
Muon: 429 415776 209  96345 9.30
Muon: 430 417589 318  96785 9.30
Muon: 431 417647 30  96796 9.30
Muon: 432 417722 368  96807 9.30
Muon: 433 418459 28  97025 9.30
Muon: 434 420990 391  97501 9.30
Muon: 435 421303 152  97704 9.30
Muon: 436 425379 236  98589 9.30
Muon: 437 425445 83  98600 9.30
Muon: 438 425883 304  98611 9.30
Muon: 439 426458 224  98834 9.30
Muon: 440 427654 39  99074 9.30
Muon: 441 428336 273  99333 9.30
Muon: 442 429243 115  99541 9.30
Muon: 443 430468 39  99766 9.30
Muon: 444 432295 70  100256 9.30
Muon: 445 432905 348  100267 9.30
Muon: 446 435566 254  100926 9.30
Muon: 447 436667 31  101187 9.30
Muon: 448 436862 51  101198 9.30
Muon: 449 437326 71  101410 9.30
Muon: 450 438251 174  101639 9.30
Muon: 451 440384 494  102085 9.30
Muon: 452 440656 295  102096 9.30
Muon: 453 442577 167  102532 9.30
Muon: 454 442611 60  102543 9.30
Muon: 455 442632 195  102554 9.30
Muon: 456 442815 280  102568 9.30
Muon: 457 443588 216  102817 9.30
Muon: 458 444189 71  103017 9.30
Muon: 459 445387 99  103234 9.30
Muon: 460 446644 318  103468 9.30
Muon: 461 446738 62  103479 9.30
Muon: 462 447312 376  103730 9.30
Muon: 463 447601 99  103741 9.30
Muon: 464 450244 163  104376 9.30
Muon: 465 451587 359  104630 9.30
Muon: 466 451825 67  104641 9.30
Muon: 467 452236 88  104846 9.30
Muon: 468 452337 225  104857 9.30
Muon: 469 452758 67  104868 9.30
Muon: 470 452800 263  104879 9.30
Muon: 471 452856 28  104893 9.30
Muon: 472 453194 86  105115 9.30
Muon: 473 453236 268  105126 9.30
Muon: 474 453919 182  105138 9.30
Muon: 475 455878 287  105623 9.30
Muon: 476 456589 487  105831 8.33
Muon: 477 457645 295  106056 8.87
Muon: 478 459352 192  106545 8.87
Muon: 479 461320 152  106972 8.65
Muon: 480 461431 65  106991 8.44
Muon: 481 461990 110  107002 8.33
Muon: 482 464628 51  107695 7.69
Muon: 483 465367 96  107923 8.01
Muon: 484 467827 48  108419 7.69
Muon: 485 468450 304  108636 7.69
Muon: 486 469926 49  108867 7.69
Muon: 487 471758 56  109303 7.69
Muon: 488 473729 167  109741 7.69
Muon: 489 474983 120  109991 7.69
Muon: 490 476382 63  110401 7.69
Muon: 491 476507 41  110412 7.69
Muon: 492 476706 449  110423 7.69
Muon: 493 476767 44  110434 7.69
Muon: 494 479387 31  111103 7.69
Muon: 495 481271 216  111551 7.69
Muon: 496 482954 120  111806 7.69
Muon: 497 483256 46  112013 7.69
Muon: 498 483486 184  112024 7.69
Muon: 499 484484 174  112248 7.69
Muon: 500 485464 166  112491 7.69
Muon: 501 485969 504  112502 7.69
Muon: 502 488384 56  113173 7.69
Muon: 503 489425 62  113416 7.69
Muon: 504 489951 206  113427 7.69
Muon: 505 492376 248  114104 7.69
Muon: 506 493212 112  114349 7.69
Muon: 507 493351 63  114360 7.69
Muon: 508 493449 39  114371 7.69
Muon: 509 495393 108  114835 7.69
Muon: 510 495461 67  114846 7.47
Muon: 511 495876 39  114857 7.69
Muon: 512 496797 94  115087 7.47
Muon: 513 496937 67  115098 7.47
Muon: 514 497618 31  115345 7.26
Muon: 515 498958 152  115546 7.69
Muon: 516 499575 248  115762 7.47
Muon: 517 500741 192  115995 7.26
Muon: 518 502534 156  116435 7.26
Muon: 519 502591 35  116446 7.04
Muon: 520 502912 28  116457 7.26
Muon: 521 505877 56  117140 7.04
Muon: 522 506307 57  117343 7.04
Muon: 523 506792 63  117354 7.04
Muon: 524 507446 60  117574 7.04
Muon: 525 508931 127  117811 7.04
Muon: 526 509743 103  118065 7.04
Muon: 527 511443 236  118483 7.04
Muon: 528 511767 112  118494 7.04
Muon: 529 511893 211  118505 7.04
Muon: 530 512474 163  118748 7.04
Muon: 531 512833 46  118759 7.04
Muon: 532 512964 551  118770 7.04
Muon: 533 513652 254  119027 7.04
Muon: 534 514859 31  119235 7.04
Muon: 535 515278 88  119460 7.04
Muon: 536 515373 271  119471 7.04
Muon: 537 516547 28  119713 7.04
Muon: 538 516843 102  119724 7.04
Muon: 539 517570 179  119983 7.04
Muon: 540 518322 364  120193 7.04
Muon: 541 518766 195  120204 7.04
Muon: 542 520348 415  120664 7.04
Muon: 543 520836 35  120675 7.04
Muon: 544 523506 327  121355 7.04
Muon: 545 524403 108  121605 6.93
Muon: 546 525474 44  121803 6.93
Muon: 547 525714 281  121814 6.83
Muon: 548 526899 97  122029 6.93
Muon: 549 527477 127  122261 6.93
Muon: 550 530870 248  122905 6.72
Muon: 551 531797 127  123139 6.72
Muon: 552 532811 44  123390 6.72
Muon: 553 533246 199  123592 6.72
Muon: 554 533607 254  123603 6.72
Muon: 555 533624 368  123614 6.72
Muon: 556 535959 38  124060 6.72
Muon: 557 536217 167  124313 6.72
Muon: 558 537660 38  124518 6.72
Muon: 559 538225 287  124743 6.72
Muon: 560 538444 295  124754 6.72
Muon: 561 538984 716  124765 6.72
Muon: 562 539557 76  125004 6.72
Muon: 563 539619 46  125015 6.72
Muon: 564 540439 103  125270 6.72
Muon: 565 540555 88  125281 6.72
Muon: 566 541497 39  125488 6.72
Muon: 567 541678 35  125499 6.72
Muon: 568 542196 62  125723 6.72
Muon: 569 545200 387  126409 6.72
Muon: 570 546537 387  126636 6.72
Muon: 571 547302 79  126879 6.72
Muon: 572 547595 30  126890 6.72
Muon: 573 548876 54  127150 6.72
Muon: 574 549221 204  127364 6.72
Muon: 575 549468 110  127375 6.72
Muon: 576 549572 344  127387 6.72
Muon: 577 549589 33  127399 6.72
Muon: 578 550675 432  127627 6.72
Muon: 579 552240 83  128125 6.72
Muon: 580 552666 62  128136 6.72
Muon: 581 557203 92  129200 6.72
Muon: 582 558689 143  129433 6.72
Muon: 583 559404 67  129683 6.72
Muon: 584 560594 147  129884 6.72
Muon: 585 560917 188  129895 6.72
Muon: 586 562405 39  130340 6.72
Muon: 587 562672 248  130351 6.72
Muon: 588 562955 44  130363 6.72
Muon: 589 563227 113  130618 6.72
Muon: 590 565991 39  131033 6.72
Muon: 591 567558 65  131515 6.72
Muon: 592 567878 63  131526 6.72
Muon: 593 569789 88  131944 6.72
Muon: 594 570274 39  132184 6.72
Muon: 595 570544 231  132195 6.72
Muon: 596 570709 112  132207 6.72
Muon: 597 570858 71  132218 6.72
Muon: 598 571636 67  132475 6.72
Muon: 599 571749 327  132486 6.72
Muon: 600 572702 112  132696 6.72
Muon: 601 575378 156  133404 6.72
Muon: 602 576958 39  133616 6.72
Muon: 603 578500 79  134078 6.72
Muon: 604 578696 198  134092 6.72
Muon: 605 578827 99  134104 6.72
Muon: 606 579827 255  134366 6.72
Muon: 607 580302 137  134580 6.72
Muon: 608 580410 56  134592 6.72
Muon: 609 582715 46  135058 6.72
Muon: 610 583225 167  135256 6.50
Muon: 611 583470 31  135268 6.72
Muon: 612 583618 153  135279 6.72
Muon: 613 585275 41  135717 6.72
Muon: 614 585710 368  135728 6.29
Muon: 615 586355 323  135979 6.50
Muon: 616 586446 179  135991 6.29
Muon: 617 587237 33  136193 6.40
Muon: 618 587788 56  136204 6.40
Muon: 619 587887 255  136218 6.29
Muon: 620 590256 167  136927 6.40
Muon: 621 591187 60  137131 6.29
Muon: 622 592498 60  137351 6.07
Muon: 623 592543 79  137362 6.07
Muon: 624 593719 49  137599 6.07
Muon: 625 594353 391  137853 6.07
Muon: 626 594513 366  137865 6.07
Muon: 627 595708 511  138072 6.07
Muon: 628 596934 227  138295 6.07
Muon: 629 597520 71  138536 6.07
Muon: 630 598809 526  138792 6.07
Muon: 631 600404 335  139215 6.07
Muon: 632 601578 28  139458 6.07
Muon: 633 602393 345  139716 6.07
Muon: 634 602458 327  139730 6.07
Muon: 635 602932 179  139742 6.07
Muon: 636 603942 152  139953 6.07
Muon: 637 604503 337  140181 6.07
Muon: 638 604773 103  140193 6.07
Muon: 639 605424 127  140438 6.07
Muon: 640 605705 88  140450 6.07
Muon: 641 605928 76  140461 6.07
Muon: 642 606937 110  140722 6.07
Muon: 643 607324 304  140935 6.07
Muon: 644 609810 79  141400 6.07
Muon: 645 610509 174  141597 6.07
Muon: 646 610567 49  141609 6.07
Muon: 647 610918 145  141620 6.07
Muon: 648 611682 262  141838 6.07
Muon: 649 612836 304  142070 6.07
Muon: 650 613702 35  142319 5.86
Muon: 651 614426 273  142519 5.86
Muon: 652 614600 48  142531 5.86
Muon: 653 614693 207  142542 5.64
Muon: 654 615781 110  142760 5.64
Muon: 655 616285 176  142995 5.64
Muon: 656 616378 323  143007 5.64
Muon: 657 616436 51  143019 5.64
Muon: 658 616607 83  143030 5.64
Muon: 659 616830 88  143041 5.64
Muon: 660 617270 88  143292 5.64
Muon: 661 617456 78  143303 6.07
Muon: 662 617754 81  143314 5.64
Muon: 663 618871 35  143519 5.43
Muon: 664 619350 127  143738 5.43
Muon: 665 619449 399  143750 5.43
Muon: 666 619499 352  143762 5.43
Muon: 667 619516 32  143773 5.43
Muon: 668 619969 192  143784 5.64
Muon: 669 620490 287  144021 5.43
Muon: 670 620850 263  144033 5.43
Muon: 671 622236 62  144481 5.43
Muon: 672 623232 99  144702 5.43
Muon: 673 623274 371  144713 5.43
Muon: 674 623459 312  144725 5.43
Muon: 675 623925 28  144748 5.64
Muon: 676 624345 88  144986 5.43
Muon: 677 625491 511  145241 5.43
Muon: 678 625593 39  145255 5.43
Muon: 679 625934 46  145266 5.43
Muon: 680 626788 391  145473 5.43
Muon: 681 627303 96  145697 5.43
Muon: 682 627718 145  145708 5.43
Muon: 683 628245 135  145949 5.43
Muon: 684 629394 156  146207 5.43
Muon: 685 629835 60  146218 5.43
Muon: 686 630503 332  146427 5.43
Muon: 687 630624 199  146438 5.43
Muon: 688 630702 31  146449 5.43
Muon: 689 633324 70  147156 5.43
Muon: 690 635187 140  147584 5.43
Muon: 691 639816 156  148503 5.43
Muon: 692 640425 135  148751 5.43
Muon: 693 640596 56  148765 5.43
Muon: 694 641190 300  148964 5.43
Muon: 695 642497 284  149181 5.43
Muon: 696 642631 152  149193 5.43
Muon: 697 645582 188  149857 5.43
Muon: 698 646261 179  150077 5.43
Muon: 699 646331 432  150089 5.43
Muon: 700 646763 103  150101 5.43
Muon: 701 647215 48  150338 5.43
Muon: 702 647811 35  150349 5.43
Muon: 703 647836 35  150360 5.43
Muon: 704 648560 31  150612 5.43
Muon: 705 649281 326  150815 5.43
Muon: 706 649331 78  150827 5.43
Muon: 707 650377 216  151047 5.43
Muon: 708 651673 103  151288 5.43
Muon: 709 651985 65  151300 5.43
Muon: 710 652947 35  151555 5.43
Muon: 711 653626 172  151761 5.43
Muon: 712 653678 184  151773 5.43
Muon: 713 654265 199  151997 5.43
Muon: 714 655500 51  152238 5.43
Muon: 715 655536 231  152249 5.43
Muon: 716 657452 337  152704 5.43
Muon: 717 657472 79  152716 5.43
Muon: 718 658674 131  152942 5.43
Muon: 719 659423 92  153185 5.43
Muon: 720 662489 380  153860 5.43
Muon: 721 662750 48  153872 5.43
Muon: 722 663281 432  154119 4.79
Muon: 723 663565 33  154138 5.11
Muon: 724 663943 159  154149 5.43
Muon: 725 664916 31  154412 5.43
Muon: 726 664992 467  154423 4.46
Muon: 727 669867 60  155483 5.11
Muon: 728 671684 284  155953 4.79
Muon: 729 671775 399  155965 4.46
Muon: 730 673518 199  156372 3.82
Muon: 731 673746 54  156384 4.25
Muon: 732 674859 35  156618 4.03
Muon: 733 677322 248  157270 4.03
Muon: 734 679753 323  157751 3.82
Muon: 735 679831 28  157763 4.03
Muon: 736 681285 38  158179 4.03
Muon: 737 681554 115  158193 3.82
Muon: 738 681752 312  158205 3.82
Muon: 739 681879 287  158217 3.82
Muon: 740 681919 48  158229 4.03
Muon: 741 682686 207  158468 4.03
Muon: 742 684333 158  158921 3.82
Muon: 743 684608 94  158933 3.82
Muon: 744 684874 432  158944 3.82
Muon: 745 684982 127  158956 3.82
Muon: 746 685901 391  159181 3.82
Muon: 747 686360 440  159423 3.82
Muon: 748 686395 319  159435 3.82
Muon: 749 687408 65  159694 4.03
Muon: 750 687445 376  159705 3.82
Muon: 751 687548 63  159717 3.82
Muon: 752 688356 30  159929 3.82
Muon: 753 688997 31  159941 3.82
Muon: 754 689979 440  160167 3.82
Muon: 755 690608 295  160412 3.82
Muon: 756 690626 184  160424 3.82
Muon: 757 692339 103  160887 3.82
Muon: 758 692495 65  160899 3.82
Muon: 759 692932 319  160910 3.82
Muon: 760 695579 30  161561 3.82
Muon: 761 695698 195  161572 3.82
Muon: 762 697327 558  162007 3.82
Muon: 763 699329 112  162445 3.82
Muon: 764 699592 51  162457 3.82
Muon: 765 701388 448  162895 3.82
Muon: 766 701965 28  162907 3.82
Muon: 767 702263 220  163160 3.82
Muon: 768 702843 33  163172 3.82
Muon: 769 706627 332  164049 3.82
Muon: 770 706977 206  164061 3.82
Muon: 771 707629 35  164266 3.82
Muon: 772 708693 268  164487 3.82
Muon: 773 709274 88  164726 3.82
Muon: 774 709911 67  164737 3.82
Muon: 775 709976 246  164748 3.82
Muon: 776 710365 60  165004 3.82
Muon: 777 710651 384  165016 3.82
Muon: 778 711467 156  165224 3.82
Muon: 779 713831 78  165678 3.82
Muon: 780 713846 48  165689 3.82
Muon: 781 713937 295  165700 3.82
Muon: 782 714271 48  165961 3.82
Muon: 783 716372 63  166385 3.82
Muon: 784 717289 344  166629 3.82
Muon: 785 718226 190  166890 3.82
Muon: 786 721427 335  167553 3.82
Muon: 787 721634 385  167565 3.82
Muon: 788 721769 472  167577 3.82
Muon: 789 723197 369  168043 3.82
Muon: 790 723952 48  168055 3.82
Muon: 791 724191 368  168285 3.82
Muon: 792 725528 287  168533 3.82
Muon: 793 725745 177  168545 3.82
Muon: 794 726420 248  168745 3.82
Muon: 795 726677 44  168757 3.82
Muon: 796 726733 359  168771 3.82
Muon: 797 727698 236  168988 3.82
Muon: 798 729615 79  169461 3.82
Muon: 799 729934 339  169472 3.82
Muon: 800 731253 384  169881 3.82
Muon: 801 731266 71  169893 3.82
Muon: 802 731643 472  169904 3.82
Muon: 803 731919 519  169916 3.82
Muon: 804 732331 334  170152 3.82
Muon: 805 733305 108  170405 3.82
Muon: 806 733724 39  170417 3.82
Muon: 807 734450 224  170620 3.82
Muon: 808 734883 385  170632 3.82
Muon: 809 735656 113  170854 3.82
Muon: 810 736346 344  171092 3.82
Muon: 811 736988 222  171106 3.82
Muon: 812 737599 94  171361 3.82
Muon: 813 738925 304  171567 3.82
Muon: 814 739781 231  171791 3.82
Muon: 815 739801 76  171803 3.82
Muon: 816 740336 432  172043 3.82
Muon: 817 740401 49  172055 3.82
Muon: 818 741393 304  172312 3.82
Muon: 819 742603 462  172521 3.82
Muon: 820 744991 152  172978 3.82
Muon: 821 749271 39  174140 3.82
Muon: 822 750399 487  174354 3.82
Muon: 823 750677 352  174366 3.82
Muon: 824 750724 384  174378 3.82
Muon: 825 751580 259  174609 3.82
Muon: 826 752498 172  174884 3.82
Muon: 827 752984 94  174896 3.82
Muon: 828 753264 152  175095 3.82
Muon: 829 755189 263  175532 3.82
Muon: 830 756307 63  175782 3.82
Muon: 831 757678 79  175983 3.82
Muon: 832 758661 83  176201 3.82
Muon: 833 758739 56  176213 3.82
Muon: 834 759896 79  176448 3.82
Muon: 835 759922 88  176460 3.82
Muon: 836 761553 78  176904 3.82
Muon: 837 764389 519  177591 3.82
Muon: 838 764541 99  177603 3.82
Muon: 839 766775 195  178020 3.82
Muon: 840 768793 304  178505 3.82
Muon: 841 770456 60  178928 3.82
Muon: 842 771579 492  179170 3.82
Muon: 843 772410 182  179429 3.82
Muon: 844 773398 432  179640 3.82
Muon: 845 774985 207  179868 3.82
Muon: 846 775256 28  180113 3.82
Muon: 847 775564 227  180125 3.82
Muon: 848 776416 496  180387 3.82
Muon: 849 777763 236  180600 3.82
Muon: 850 779860 41  181065 3.82
Muon: 851 780488 62  181263 3.82
Muon: 852 780874 217  181275 3.82
Muon: 853 781300 166  181490 3.82
Muon: 854 782824 140  181722 3.82
Muon: 855 783591 176  181971 3.82
Muon: 856 784987 76  182170 3.82
Muon: 857 785385 118  182388 3.82
Muon: 858 785606 289  182400 3.82
Muon: 859 785896 147  182412 3.82
Muon: 860 786411 39  182647 3.82
Muon: 861 786588 33  182659 3.82
Muon: 862 787713 25  182910 3.82
Muon: 863 788230 48  183113 3.82
Muon: 864 788550 177  183125 3.82
Muon: 865 788668 79  183137 3.82
Muon: 866 789377 302  183357 3.82
Muon: 867 789624 79  183369 3.82
Muon: 868 791620 31  183846 3.82
Muon: 869 793438 177  184261 3.71
Muon: 870 794887 216  184502 3.71
Muon: 871 794932 622  184514 3.50
Muon: 872 795468 121  184770 3.82
Muon: 873 796236 88  184977 3.71
Muon: 874 796256 412  184989 3.60
Muon: 875 797316 220  185213 3.71
Muon: 876 798291 127  185454 3.71
Muon: 877 799677 368  185712 3.50
Muon: 878 799917 280  185724 3.60
Muon: 879 800884 167  185934 3.60
Muon: 880 801256 348  186161 3.50
Muon: 881 801617 108  186173 3.60
Muon: 882 802923 159  186417 3.50
Muon: 883 803421 192  186678 3.60
Muon: 884 803837 230  186690 3.60
Muon: 885 806886 281  187355 3.60
Muon: 886 807939 312  187618 3.50
Muon: 887 809388 161  188052 3.50
Muon: 888 809527 71  188064 3.50
Muon: 889 809649 231  188076 3.50
Muon: 890 809866 332  188088 3.50
Muon: 891 812779 408  188729 3.50
Muon: 892 813996 380  188963 3.50
Muon: 893 814536 39  189214 3.50
Muon: 894 814749 152  189226 3.50
Muon: 895 815217 56  189428 3.50
Muon: 896 815384 88  189440 3.50
Muon: 897 819413 25  190316 3.50
Muon: 898 819645 211  190328 3.17
Muon: 899 819885 78  190340 3.50
Muon: 900 820372 96  190575 3.50
Muon: 901 821695 49  190812 3.50
Muon: 902 823198 455  191260 2.85
Muon: 903 823522 46  191272 3.50
Muon: 904 823793 71  191283 3.17
Muon: 905 824473 415  191505 3.17
Muon: 906 825654 462  191744 3.17
Muon: 907 826527 172  192002 3.50
Muon: 908 827297 80  192210 3.50
Muon: 909 827757 31  192221 3.50
Muon: 910 827827 263  192232 3.50
Muon: 911 828810 174  192458 3.50
Muon: 912 828967 39  192469 3.17
Muon: 913 832661 352  193372 2.85
Muon: 914 832826 56  193383 2.53
Muon: 915 835309 31  194119 2.85
Muon: 916 835579 63  194130 2.85
Muon: 917 836194 83  194359 2.53
Muon: 918 836594 147  194370 2.85
Muon: 919 837620 231  194616 2.85
Muon: 920 837713 399  194627 2.53
Muon: 921 837737 684  194638 2.53
Muon: 922 839452 140  195040 3.17
Muon: 923 840638 48  195272 2.53
Muon: 924 844918 48  196139 2.53
Muon: 925 845454 79  196390 2.53
Muon: 926 845526 391  196401 2.53
Muon: 927 846212 79  196604 2.53
Muon: 928 846449 71  196615 2.53
Muon: 929 846685 287  196626 2.53
Muon: 930 847188 31  196849 2.53
Muon: 931 847510 172  196860 2.53
Muon: 932 847662 51  196871 2.53
Muon: 933 847686 246  196882 2.53
Muon: 934 847700 358  196894 2.53
Muon: 935 847814 366  196906 2.53
Muon: 936 848494 51  197143 2.53
Muon: 937 848621 319  197154 2.53
Muon: 938 849569 71  197407 2.53
Muon: 939 851501 28  197821 2.53
Muon: 940 854630 192  198499 2.53
Muon: 941 855867 39  198723 2.53
Muon: 942 856910 28  198964 2.53
Muon: 943 857344 153  199222 2.53
Muon: 944 858666 271  199434 2.53
Muon: 945 858952 415  199445 2.53
Muon: 946 860671 348  199904 2.53
Muon: 947 860932 35  199916 2.53
Muon: 948 861578 99  200176 2.53
Muon: 949 861930 62  200187 2.53
Muon: 950 863387 286  200615 2.53
Muon: 951 863488 627  200626 2.53
Muon: 952 863559 134  200637 2.53
Muon: 953 863578 44  200648 2.53
Muon: 954 863650 71  200659 2.53
Muon: 955 864339 199  200904 2.53
Muon: 956 864666 304  200916 2.53
Muon: 957 864928 224  200928 2.53
Muon: 958 865841 113  201192 2.53
Muon: 959 867452 359  201629 2.53
Muon: 960 868566 88  201878 2.53
Muon: 961 868588 337  201889 2.53
Muon: 962 868768 49  201901 2.53
Muon: 963 869267 408  202101 2.53
Muon: 964 869893 176  202113 2.53
Muon: 965 870913 44  202330 2.53
Muon: 966 871186 319  202571 2.53
Muon: 967 872187 480  202821 2.53
Muon: 968 876270 240  203698 2.53
Muon: 969 879832 334  204339 2.53
Muon: 970 879979 103  204350 2.53
Muon: 971 880192 28  204605 2.53
Muon: 972 881512 224  204811 2.53
Muon: 973 881987 30  204822 2.53
Muon: 974 882344 193  205048 2.53
Muon: 975 882432 280  205059 2.53
Muon: 976 883586 71  205299 2.53
Muon: 977 884829 184  205556 2.53
Muon: 978 885269 174  205765 2.53
Muon: 979 885285 48  205776 2.53
Muon: 980 885945 56  205787 2.53
Muon: 981 886469 28  206012 2.53
Muon: 982 886489 51  206023 2.53
Muon: 983 886523 88  206034 2.53
Muon: 984 888366 167  206524 2.53
Muon: 985 888630 152  206535 2.53
Muon: 986 888768 76  206547 2.53
Muon: 987 889780 376  206758 2.53
Muon: 988 890452 167  206987 2.53
Muon: 989 890651 31  207001 2.53
Muon: 990 891431 231  207246 2.53
Muon: 991 892220 472  207509 2.53
Muon: 992 892564 156  207520 2.53
Muon: 993 892737 175  207532 2.53
Muon: 994 892874 115  207544 2.53
Muon: 995 895674 368  208212 2.53
Muon: 996 896586 231  208412 2.53
Muon: 997 896996 79  208423 2.53
Muon: 998 897215 199  208639 2.53
Muon: 999 900506 31  209302 2.53
Muon: 1000 901188 28  209520 2.53
