--
### UWU'fied CosmicWatch
### date time Event Atime[ms] ADC[0-1023] Deadtime[ms] Temp[C]
-- Detector name: UwU OwO
Muon: 1 7564 48  1958 9.30
Muon: 2 10662 70  2654 9.30
Muon: 3 11262 35  2853 9.30
Muon: 4 12386 79  3069 9.30
Muon: 5 13911 30  3302 9.30
Muon: 6 15987 31  3743 9.30
Muon: 7 19913 44  4620 9.30
Muon: 8 23482 48  5507 9.30
Muon: 9 36922 231  8419 9.30
Muon: 10 37299 152  8666 9.30
Muon: 11 38533 192  8865 9.30
Muon: 12 41708 60  9542 9.30
Muon: 13 42359 97  9743 9.30
Muon: 14 43532 152  9961 9.30
Muon: 15 44484 184  10196 9.30
Muon: 16 45555 78  10448 9.30
Muon: 17 50322 167  11527 9.30
Muon: 18 53988 56  12225 9.51
Muon: 19 57298 207  13126 9.62
Muon: 20 58239 192  13337 9.62
Muon: 21 58947 102  13348 9.62
Muon: 22 60679 182  13810 9.94
Muon: 23 67669 76  15341 10.59
Muon: 24 69671 31  15780 10.59
Muon: 25 70400 131  15998 10.59
Muon: 26 72549 184  16474 10.59
Muon: 27 74582 280  16886 10.59
Muon: 28 74835 71  16897 10.59
Muon: 29 75436 63  17134 10.59
Muon: 30 77212 92  17582 10.59
Muon: 31 80399 56  18277 10.59
Muon: 32 81918 147  18484 10.59
Muon: 33 84964 417  19191 10.59
Muon: 34 87364 31  19850 10.59
Muon: 35 88412 291  20111 10.59
Muon: 36 89754 51  20324 10.59
Muon: 37 90377 39  20553 10.59
Muon: 38 98825 60  22264 10.59
Muon: 39 100849 71  22706 10.80
Muon: 40 104787 159  23585 10.59
Muon: 41 107547 295  24280 11.23
Muon: 42 111868 112  25177 11.23
Muon: 43 113215 176  25601 11.23
Muon: 44 120692 35  27198 11.88
Muon: 45 121890 127  27428 11.88
Muon: 46 126251 254  28530 11.88
Muon: 47 126612 158  28541 11.88
Muon: 48 127738 48  28745 11.88
Muon: 49 130774 211  29428 11.88
Muon: 50 132827 56  29842 11.88
Muon: 51 136224 179  30729 11.88
Muon: 52 136566 252  30740 11.88
Muon: 53 136974 97  30751 11.88
Muon: 54 138739 30  31237 11.88
Muon: 55 140757 33  31659 11.88
Muon: 56 141937 163  31901 11.88
Muon: 57 142597 216  32160 11.88
Muon: 58 143518 63  32371 11.88
Muon: 59 146951 337  33082 11.88
Muon: 60 150204 71  33938 11.88
Muon: 61 150701 192  33949 11.88
Muon: 62 152675 204  34385 11.88
Muon: 63 152786 103  34396 11.88
Muon: 64 153249 192  34648 11.88
Muon: 65 162518 304  36585 11.88
Muon: 66 162619 62  36596 11.88
Muon: 67 165229 31  37291 11.88
Muon: 68 165883 30  37302 11.88
Muon: 69 170776 30  38398 11.88
Muon: 70 170822 78  38409 11.88
Muon: 71 173202 31  39119 11.88
Muon: 72 173358 28  39130 11.88
Muon: 73 174748 169  39342 11.88
Muon: 74 178786 88  40197 11.88
Muon: 75 183905 199  41281 11.88
Muon: 76 184628 60  41532 11.88
Muon: 77 187432 79  42167 11.88
Muon: 78 187517 152  42178 11.88
Muon: 79 188289 28  42434 11.88
Muon: 80 190211 192  42848 11.88
Muon: 81 190497 167  42859 11.88
Muon: 82 195749 193  43980 11.88
Muon: 83 195824 199  43991 11.88
Muon: 84 196484 63  44249 11.88
Muon: 85 198209 224  44673 11.88
Muon: 86 199257 44  44916 11.88
Muon: 87 199949 108  44927 11.88
Muon: 88 201338 127  45387 11.88
Muon: 89 204312 163  46100 11.88
Muon: 90 205496 83  46314 11.88
Muon: 91 205551 30  46325 11.88
Muon: 92 205781 71  46336 11.88
Muon: 93 205927 344  46347 11.88
Muon: 94 207239 188  46818 11.88
Muon: 95 210457 384  47444 11.88
Muon: 96 210707 96  47455 11.88
Muon: 97 211977 44  47705 11.88
Muon: 98 212232 355  47906 11.88
Muon: 99 213857 190  48124 12.20
Muon: 100 214965 48  48359 12.09
Muon: 101 217579 588  49014 12.20
Muon: 102 218683 188  49252 12.09
Muon: 103 220479 108  49702 12.20
Muon: 104 222767 120  50154 12.20
Muon: 105 223261 335  50411 12.20
Muon: 106 224708 70  50620 12.20
Muon: 107 225918 103  50845 12.20
Muon: 108 225956 112  50856 12.20
Muon: 109 226206 73  51102 12.20
Muon: 110 227372 56  51361 12.20
Muon: 111 228870 236  51572 12.20
Muon: 112 229422 49  51800 12.20
Muon: 113 229844 192  51811 12.20
Muon: 114 230511 108  52056 12.20
Muon: 115 231771 339  52318 12.20
Muon: 116 231988 190  52329 12.20
Muon: 117 239344 209  54041 12.20
Muon: 118 240964 63  54259 12.20
Muon: 119 240981 231  54270 12.20
Muon: 120 243323 81  54938 12.20
Muon: 121 243663 39  54949 12.20
Muon: 122 245857 31  55395 12.20
Muon: 123 247209 99  55843 12.20
Muon: 124 248274 127  56068 12.20
Muon: 125 250387 393  56552 12.20
Muon: 126 250569 33  56563 12.41
Muon: 127 253291 295  57213 12.41
Muon: 128 255414 63  57671 12.84
Muon: 129 255577 359  57682 12.63
Muon: 130 255616 262  57693 12.84
Muon: 131 255992 51  57704 12.63
Muon: 132 262197 280  59254 12.84
Muon: 133 263437 312  59469 12.84
Muon: 134 263595 152  59480 12.84
Muon: 135 266986 115  60139 12.84
Muon: 136 269195 76  60819 12.84
Muon: 137 270194 159  61021 12.84
Muon: 138 270223 252  61032 12.84
Muon: 139 274715 158  61915 12.84
Muon: 140 276622 99  62365 12.84
Muon: 141 276839 49  62376 12.84
Muon: 142 277468 56  62631 12.84
Muon: 143 279910 192  63051 12.84
Muon: 144 281925 211  63539 12.84
Muon: 145 283795 39  63963 12.84
Muon: 146 286898 67  64655 12.84
Muon: 147 287529 28  64883 12.84
Muon: 148 287913 60  64894 12.84
Muon: 149 288508 312  65139 12.84
Muon: 150 289234 35  65401 12.84
Muon: 151 289542 638  65412 12.84
Muon: 152 290399 31  65626 12.84
Muon: 153 293815 161  66280 12.84
Muon: 154 293993 224  66294 12.84
Muon: 155 295207 63  66732 12.84
Muon: 156 295420 57  66743 12.84
Muon: 157 295655 204  66754 12.84
Muon: 158 299755 44  67627 12.84
Muon: 159 300763 35  67879 12.84
Muon: 160 303823 371  68519 12.84
Muon: 161 305538 54  68969 12.84
Muon: 162 308344 339  69667 12.84
Muon: 163 311734 163  70320 12.84
Muon: 164 312433 24  70579 12.84
Muon: 165 312559 312  70590 12.84
Muon: 166 312861 216  70601 12.84
Muon: 167 315715 192  71263 12.84
Muon: 168 317638 255  71730 12.84
Muon: 169 318999 28  71961 12.84
Muon: 170 319592 103  72208 12.84
Muon: 171 320359 440  72408 12.84
Muon: 172 320693 30  72420 12.84
Muon: 173 322237 319  72856 12.84
Muon: 174 323574 33  73106 12.84
Muon: 175 325210 28  73512 13.16
Muon: 176 328992 140  74178 12.84
Muon: 177 330438 204  74625 12.84
Muon: 178 330660 216  74637 13.16
Muon: 179 332455 56  75086 12.84
Muon: 180 336197 83  75977 13.49
Muon: 181 340262 192  76877 13.81
Muon: 182 341862 92  77105 13.49
Muon: 183 342301 287  77351 13.81
Muon: 184 342732 319  77363 13.81
Muon: 185 343860 147  77625 13.81
Muon: 186 344463 31  77838 13.81
Muon: 187 345702 71  78067 13.81
Muon: 188 347490 206  78565 13.81
Muon: 189 349671 384  79002 13.81
Muon: 190 351798 31  79440 13.81
Muon: 191 351936 323  79451 13.81
Muon: 192 352626 65  79669 13.81
Muon: 193 353868 76  79902 13.81
Muon: 194 354202 159  80152 13.81
Muon: 195 355546 71  80355 13.81
Muon: 196 356452 71  80574 13.81
Muon: 197 356697 396  80585 13.81
Muon: 198 358592 67  81066 13.81
Muon: 199 358757 368  81077 13.81
Muon: 200 359577 28  81282 13.81
Muon: 201 360501 199  81503 13.81
Muon: 202 364752 199  82395 13.92
Muon: 203 364970 78  82407 13.92
Muon: 204 366285 127  82893 13.92
Muon: 205 368744 268  83318 14.02
Muon: 206 370525 359  83811 14.02
Muon: 207 370928 88  83823 14.02
Muon: 208 371564 56  84059 14.13
Muon: 209 376534 79  85193 14.13
Muon: 210 376550 103  85204 14.13
Muon: 211 376737 56  85216 14.13
Muon: 212 376772 56  85227 14.13
Muon: 213 377561 204  85477 14.13
Muon: 214 379362 504  85882 14.02
Muon: 215 380245 56  86116 14.13
Muon: 216 381680 185  86366 14.13
Muon: 217 382343 113  86568 14.13
Muon: 218 383503 172  86787 14.13
Muon: 219 384837 391  87022 14.13
Muon: 220 387497 163  87677 14.13
Muon: 221 388201 48  87915 14.13
Muon: 222 389879 163  88169 14.13
Muon: 223 392414 31  88817 14.13
Muon: 224 392773 163  88841 14.13
Muon: 225 393584 88  89099 14.13
Muon: 226 393883 96  89110 14.13
Muon: 227 394208 248  89318 14.13
Muon: 228 394651 195  89332 14.13
Muon: 229 398637 79  90237 14.13
Muon: 230 399959 188  90464 14.13
Muon: 231 403829 28  91380 14.13
Muon: 232 404800 31  91627 14.13
Muon: 233 406533 31  92030 14.13
Muon: 234 408694 62  92501 14.13
Muon: 235 413853 312  93562 14.13
Muon: 236 415362 103  94009 14.13
Muon: 237 416418 176  94264 14.13
Muon: 238 425873 339  96239 14.13
Muon: 239 427867 348  96707 14.13
Muon: 240 428463 259  96969 14.13
Muon: 241 430757 339  97400 14.13
Muon: 242 432234 207  97901 14.13
Muon: 243 432270 31  97913 14.13
Muon: 244 432787 174  97924 14.13
Muon: 245 433479 352  98138 14.13
Muon: 246 438587 304  99224 14.13
Muon: 247 438654 432  99236 14.13
Muon: 248 444784 224  100546 14.13
Muon: 249 445217 444  100768 14.13
Muon: 250 445569 44  100780 14.13
Muon: 251 445899 318  100792 14.13
Muon: 252 449320 28  101682 14.13
Muon: 253 449412 176  101694 14.13
Muon: 254 452658 248  102379 14.13
Muon: 255 452907 60  102391 14.13
Muon: 256 453894 254  102617 14.13
Muon: 257 454460 124  102863 14.13
Muon: 258 458405 460  103775 14.13
Muon: 259 459913 327  104038 14.13
Muon: 260 462959 25  104707 14.13
Muon: 261 463384 310  104906 14.13
Muon: 262 464444 76  105123 14.13
Muon: 263 474789 99  107326 14.13
Muon: 264 476660 112  107743 14.13
Muon: 265 476890 70  107755 14.13
Muon: 266 480791 184  108651 14.13
Muon: 267 481321 30  108894 14.13
Muon: 268 482459 44  109154 14.13
Muon: 269 482953 248  109166 14.13
Muon: 270 484617 94  109593 14.13
Muon: 271 489454 48  110744 14.13
Muon: 272 489930 147  110756 14.13
Muon: 273 491659 305  111159 14.13
Muon: 274 492346 39  111392 14.13
Muon: 275 496242 369  112259 14.13
Muon: 276 496308 35  112271 14.13
Muon: 277 499413 158  112922 14.13
Muon: 278 500998 71  113159 14.13
Muon: 279 501344 81  113413 14.13
Muon: 280 501386 115  113425 14.13
Muon: 281 503192 167  113842 14.13
Muon: 282 504646 231  114082 14.13
Muon: 283 505485 33  114339 14.13
Muon: 284 506556 359  114547 14.13
Muon: 285 507398 224  114772 14.13
Muon: 286 508283 83  115016 14.13
Muon: 287 508386 63  115028 14.13
Muon: 288 510886 184  115485 14.13
Muon: 289 511516 432  115712 14.13
Muon: 290 512442 35  115956 14.13
Muon: 291 512514 112  115968 14.13
Muon: 292 513435 143  116229 14.13
Muon: 293 513787 222  116241 14.13
Muon: 294 515732 39  116672 14.13
Muon: 295 515896 204  116684 14.13
Muon: 296 516252 384  116931 14.13
Muon: 297 517558 115  117195 14.13
Muon: 298 521364 271  118055 14.13
Muon: 299 522950 25  118272 14.13
Muon: 300 523205 49  118508 14.13
Muon: 301 525962 30  118950 14.13
Muon: 302 526285 48  119169 14.13
Muon: 303 526826 71  119181 14.13
Muon: 304 529441 156  119851 14.13
Muon: 305 530922 352  120073 14.13
Muon: 306 532450 71  120556 14.13
Muon: 307 532519 384  120568 14.13
Muon: 308 534204 254  120987 14.13
Muon: 309 534785 48  120999 14.13
Muon: 310 535261 376  121240 14.13
Muon: 311 539530 112  122143 14.13
Muon: 312 539945 275  122155 14.13
Muon: 313 543777 255  123067 14.13
Muon: 314 545501 35  123534 14.13
Muon: 315 545682 70  123546 14.13
Muon: 316 545746 255  123558 14.13
Muon: 317 546237 387  123789 14.13
Muon: 318 546885 35  123801 14.13
Muon: 319 547410 323  124049 14.13
Muon: 320 551514 60  124914 14.13
Muon: 321 551660 145  124926 14.13
Muon: 322 554744 319  125559 14.13
Muon: 323 559413 76  126682 14.13
Muon: 324 559653 704  126694 14.13
Muon: 325 560760 231  126901 14.13
Muon: 326 561630 60  127124 14.35
Muon: 327 562344 56  127364 14.13
Muon: 328 562785 142  127376 14.35
Muon: 329 564735 56  127832 14.35
Muon: 330 568216 163  128734 14.56
Muon: 331 569774 57  128962 14.56
Muon: 332 574392 39  130111 14.35
Muon: 333 576405 408  130512 14.35
Muon: 334 577313 403  130745 14.13
Muon: 335 581519 63  131613 15.42
Muon: 336 581638 96  131625 15.10
Muon: 337 582714 81  131877 14.78
Muon: 338 584590 46  132288 15.42
Muon: 339 587271 71  132960 15.74
Muon: 340 587495 344  132972 15.42
Muon: 341 587963 268  132984 15.74
Muon: 342 588479 255  133207 15.74
Muon: 343 597420 56  135225 15.42
Muon: 344 598887 96  135486 15.74
Muon: 345 600385 39  135915 15.74
Muon: 346 601654 63  136161 15.74
Muon: 347 602500 31  136424 15.74
Muon: 348 606318 30  137281 15.74
Muon: 349 606834 31  137293 15.74
Muon: 350 609492 56  137971 15.74
Muon: 351 609519 135  137983 15.74
Muon: 352 609988 167  137995 15.74
Muon: 353 610551 31  138198 15.74
Muon: 354 612187 177  138641 15.74
Muon: 355 612277 192  138653 15.74
Muon: 356 613430 110  138906 15.74
Muon: 357 613694 414  138918 15.74
Muon: 358 616389 76  139562 15.74
Muon: 359 621216 300  140699 15.74
Muon: 360 622409 110  140909 15.74
Muon: 361 625565 83  141614 15.74
Muon: 362 626630 48  141825 15.74
Muon: 363 627753 48  142053 15.74
Muon: 364 627906 48  142065 15.74
Muon: 365 629694 51  142560 15.74
Muon: 366 634462 39  143620 15.74
Muon: 367 636350 208  144091 15.74
Muon: 368 636450 28  144103 15.74
Muon: 369 636698 295  144115 15.74
Muon: 370 638443 78  144524 15.74
Muon: 371 638712 780  144536 15.74
Muon: 372 638965 88  144550 15.74
Muon: 373 639349 54  144784 15.74
Muon: 374 639431 48  144795 15.74
Muon: 375 639880 79  144806 15.74
Muon: 376 640223 56  145058 15.74
Muon: 377 645459 38  146133 15.74
Muon: 378 649660 376  147024 15.74
Muon: 379 650661 127  147249 15.74
Muon: 380 655787 48  148387 15.74
Muon: 381 657970 302  148849 15.74
Muon: 382 659824 304  149314 15.74
Muon: 383 662998 56  150001 15.74
Muon: 384 663355 76  150250 15.74
Muon: 385 664346 48  150449 15.74
Muon: 386 664906 44  150460 15.74
Muon: 387 668723 255  151332 15.74
Muon: 388 669245 67  151551 15.74
Muon: 389 669334 38  151562 15.74
Muon: 390 670200 371  151798 15.74
Muon: 391 671407 78  152051 15.74
Muon: 392 672200 312  152255 15.74
Muon: 393 674401 71  152703 15.74
Muon: 394 674557 252  152714 15.74
Muon: 395 678953 103  153608 15.74
Muon: 396 679272 81  153866 15.74
Muon: 397 679448 92  153877 15.74
Muon: 398 679651 248  153888 15.74
Muon: 399 687816 60  155695 15.74
Muon: 400 687929 80  155706 15.74
Muon: 401 688198 44  155922 15.74
Muon: 402 689512 56  156152 15.74
Muon: 403 689852 231  156163 15.74
Muon: 404 691306 65  156600 15.74
Muon: 405 692439 39  156816 15.74
Muon: 406 692875 99  156827 15.74
Muon: 407 698853 167  158161 15.74
Muon: 408 701421 115  158800 15.74
Muon: 409 701527 113  158812 15.74
Muon: 410 702658 38  159067 15.74
Muon: 411 703771 31  159272 15.74
Muon: 412 704352 35  159494 15.74
Muon: 413 704842 227  159505 15.74
Muon: 414 706761 216  160016 15.74
Muon: 415 709554 57  160670 15.96
Muon: 416 712915 56  161347 16.17
Muon: 417 713811 231  161591 16.17
Muon: 418 716648 49  162274 16.17
Muon: 419 718913 190  162707 16.17
Muon: 420 720238 184  163144 16.17
Muon: 421 720707 39  163156 16.17
Muon: 422 721574 284  163405 16.17
Muon: 423 724482 30  164036 16.39
Muon: 424 725310 273  164287 16.17
Muon: 425 725628 92  164299 16.17
Muon: 426 728884 39  164934 16.39
Muon: 427 729469 172  165187 16.17
Muon: 428 729959 110  165199 16.39
Muon: 429 731502 127  165616 16.17
Muon: 430 732338 28  165858 16.39
Muon: 431 733585 355  166114 16.39
Muon: 432 734356 63  166322 16.39
Muon: 433 734640 56  166333 16.39
Muon: 434 735330 209  166557 16.39
Muon: 435 736551 185  166799 16.39
Muon: 436 741579 401  167956 16.39
Muon: 437 741618 216  167968 16.39
Muon: 438 742258 281  168181 16.39
Muon: 439 743796 28  168411 16.39
Muon: 440 745248 38  168909 16.39
Muon: 441 747200 182  169343 16.39
Muon: 442 753432 163  170641 16.39
Muon: 443 756803 41  171328 16.39
Muon: 444 760360 99  172213 16.39
Muon: 445 761619 408  172418 16.39
Muon: 446 762919 30  172643 16.39
Muon: 447 763251 652  172896 16.39
Muon: 448 764493 415  173154 16.39
Muon: 449 768409 120  174060 16.39
Muon: 450 769985 192  174272 16.39
Muon: 451 777902 255  176037 16.39
Muon: 452 779230 240  176510 16.39
Muon: 453 779275 284  176522 16.39
Muon: 454 780702 184  176724 16.39
Muon: 455 782618 238  177167 16.39
Muon: 456 782696 167  177179 16.39
Muon: 457 783984 364  177432 16.39
Muon: 458 785236 46  177846 16.39
Muon: 459 785624 112  177860 16.39
Muon: 460 787675 536  178341 16.39
Muon: 461 789554 25  178760 16.39
Muon: 462 789629 385  178771 16.39
Muon: 463 791418 96  179258 16.39
Muon: 464 792667 216  179466 16.39
Muon: 465 794415 135  179923 16.39
Muon: 466 800542 376  181283 16.39
Muon: 467 801871 156  181514 16.39
Muon: 468 806328 65  182612 16.39
Muon: 469 806619 103  182623 16.49
Muon: 470 807800 352  182824 16.39
Muon: 471 809307 31  183265 16.39
Muon: 472 812419 137  183915 16.49
Muon: 473 812499 78  183929 16.49
Muon: 474 813968 46  184165 16.49
Muon: 475 815660 179  184613 16.49
Muon: 476 815716 355  184625 16.49
Muon: 477 816273 273  184848 16.60
Muon: 478 817208 255  185088 16.71
Muon: 479 817504 71  185100 16.49
Muon: 480 820925 30  185765 16.60
Muon: 481 823586 62  186452 16.71
Muon: 482 823830 454  186471 16.60
Muon: 483 826203 56  187181 16.71
Muon: 484 827666 120  187392 16.71
Muon: 485 829469 112  187857 16.71
Muon: 486 833353 217  188781 16.71
Muon: 487 835696 352  189186 16.71
Muon: 488 835848 259  189200 16.71
Muon: 489 836237 172  189434 16.71
Muon: 490 837206 71  189685 16.71
Muon: 491 837396 147  189696 16.71
Muon: 492 838467 39  189899 16.71
Muon: 493 839229 176  190117 16.71
Muon: 494 840358 184  190354 16.71
Muon: 495 840936 62  190366 16.71
Muon: 496 844436 188  191248 16.71
Muon: 497 844514 188  191260 16.71
Muon: 498 844986 35  191272 16.71
Muon: 499 845735 71  191527 16.71
Muon: 500 846460 88  191733 16.71
Muon: 501 847789 366  191956 16.71
Muon: 502 849638 248  192445 16.71
Muon: 503 855402 48  193766 16.71
Muon: 504 855669 56  193777 16.71
Muon: 505 857356 30  194271 16.71
Muon: 506 858630 49  194484 16.71
Muon: 507 859534 327  194714 16.71
Muon: 508 860649 44  194961 16.71
Muon: 509 864236 211  195822 16.71
Muon: 510 864463 103  195833 16.71
Muon: 511 864593 102  195844 16.71
Muon: 512 865820 30  196045 16.71
Muon: 513 867356 48  196485 16.71
Muon: 514 867505 31  196496 16.71
Muon: 515 869752 76  196939 16.71
Muon: 516 872731 63  197631 16.71
Muon: 517 875829 51  198276 16.71
Muon: 518 876336 83  198532 16.71
Muon: 519 881859 271  199629 16.71
Muon: 520 882760 30  199857 16.71
Muon: 521 888490 300  201192 16.71
Muon: 522 891309 131  201867 16.71
Muon: 523 892596 35  202068 16.71
Muon: 524 896307 71  202940 16.71
Muon: 525 896381 51  202951 16.71
Muon: 526 896778 271  202963 16.71
Muon: 527 897312 179  203183 16.71
Muon: 528 900389 319  203856 16.71
Muon: 529 900770 304  203868 16.71
Muon: 530 901550 67  204091 16.71
