--
### UWU'fied CosmicWatch
### date time Event Atime[ms] ADC[0-1023] Deadtime[ms] Temp[C]
-- Detector name: UwU OwO
Muon: 1 185 3  424 18.00
Muon: 2 17431 198  4157 19.61
Muon: 3 19688 51  4595 19.61
Muon: 4 24271 67  5711 19.61
Muon: 5 31298 199  7235 19.61
Muon: 6 31819 113  7242 19.61
Muon: 7 32658 88  7501 19.61
Muon: 8 43375 97  9906 19.61
Muon: 9 45302 167  10308 19.61
Muon: 10 46642 31  10538 19.61
Muon: 11 47854 209  10785 19.61
Muon: 12 47887 33  10794 19.61
Muon: 13 51204 280  11726 19.61
Muon: 14 51675 97  11733 19.61
Muon: 15 54240 94  12370 19.61
Muon: 16 56740 287  12820 19.61
Muon: 17 59204 327  13517 19.61
Muon: 18 59441 287  13524 19.61
Muon: 19 60962 179  13734 19.61
Muon: 20 61631 280  13956 19.61
Muon: 21 61770 167  13963 19.61
Muon: 22 62633 67  14202 19.61
Muon: 23 62751 425  14209 19.61
Muon: 24 64324 312  14666 19.61
Muon: 25 66236 255  15126 19.61
Muon: 26 66596 344  15136 19.61
Muon: 27 76289 99  17308 19.61
Muon: 28 77238 209  17546 19.61
Muon: 29 78993 206  17850 19.61
Muon: 30 81540 67  18492 19.61
Muon: 31 81675 88  18502 19.61
Muon: 32 84657 39  19160 19.61
Muon: 33 87193 71  19839 19.61
Muon: 34 89545 31  20291 19.61
Muon: 35 89873 147  20298 19.61
Muon: 36 90390 263  20554 19.61
Muon: 37 91866 334  20761 19.61
Muon: 38 96726 33  21891 19.61
Muon: 39 99787 103  22525 19.61
Muon: 40 101635 231  22993 19.61
Muon: 41 106625 366  24054 19.61
Muon: 42 108568 44  24496 19.61
Muon: 43 110771 94  24952 19.61
Muon: 44 112739 224  25451 19.61
Muon: 45 114510 60  25900 19.61
Muon: 46 116567 176  26356 19.61
Muon: 47 117623 440  26611 19.61
Muon: 48 120416 350  27271 19.61
Muon: 49 125866 280  28372 19.61
Muon: 50 126695 240  28583 19.61
Muon: 51 128309 163  29049 19.61
Muon: 52 130787 62  29451 19.61
Muon: 53 131447 327  29681 19.61
Muon: 54 131693 28  29688 19.61
Muon: 55 134736 384  30337 19.61
Muon: 56 143351 56  32328 19.61
Muon: 57 143859 88  32335 19.61
Muon: 58 144321 108  32589 19.61
Muon: 59 147823 41  33243 19.61
Muon: 60 147952 259  33310 19.61
Muon: 61 151454 60  34223 19.61
Muon: 62 153360 304  34684 19.61
Muon: 63 162455 140  36625 19.61
Muon: 64 162768 364  36632 19.61
Muon: 65 162957 44  36639 19.61
Muon: 66 163882 56  36887 19.61
Muon: 67 164535 115  37087 19.61
Muon: 68 164719 99  37094 19.61
Muon: 69 167490 44  37781 19.61
Muon: 70 170416 249  38424 19.61
Muon: 71 171494 46  38677 19.61
Muon: 72 173472 31  39095 19.61
Muon: 73 175752 199  39581 19.61
Muon: 74 176228 312  39790 19.61
Muon: 75 181634 384  40974 19.61
Muon: 76 184634 63  41613 19.61
Muon: 77 187216 352  42268 19.61
Muon: 78 188452 83  42482 19.61
Muon: 79 188600 41  42489 19.61
Muon: 80 188713 371  42496 19.61
Muon: 81 193224 135  43595 19.61
Muon: 82 195229 63  44039 19.61
Muon: 83 197228 312  44485 19.61
Muon: 84 197389 127  44492 19.61
Muon: 85 197872 63  44499 19.61
Muon: 86 200253 99  45160 19.61
Muon: 87 202526 96  45644 19.61
Muon: 88 203411 88  45850 19.61
Muon: 89 205879 152  46308 19.61
Muon: 90 209501 63  47278 19.61
Muon: 91 212255 319  47897 19.61
Muon: 92 212619 33  47904 19.61
Muon: 93 219543 176  49403 19.61
Muon: 94 220765 366  49635 19.61
Muon: 95 221290 143  49884 19.61
Muon: 96 221600 63  49891 19.61
Muon: 97 222595 57  50091 19.39
Muon: 98 224269 167  50535 19.61
Muon: 99 224944 358  50542 19.61
Muon: 100 226696 56  50989 19.61
Muon: 101 228255 110  51439 19.18
Muon: 102 232677 222  52338 19.18
Muon: 103 234203 271  52796 19.18
Muon: 104 234847 28  52805 19.39
Muon: 105 238351 192  53772 18.32
Muon: 106 239372 86  54004 18.64
Muon: 107 242284 28  54641 18.32
Muon: 108 242552 287  54648 18.32
Muon: 109 243992 161  54877 18.32
Muon: 110 245213 112  55314 18.32
Muon: 111 246197 142  55529 18.00
Muon: 112 248923 33  56002 18.00
Muon: 113 248994 312  56009 18.00
Muon: 114 254602 96  57297 18.00
Muon: 115 256305 224  57779 18.00
Muon: 116 257287 56  57984 18.00
Muon: 117 257309 263  57991 18.00
Muon: 118 257782 476  57998 18.00
Muon: 119 262666 38  59120 18.00
Muon: 120 267296 135  60323 18.00
Muon: 121 268193 323  60528 18.00
Muon: 122 268572 227  60535 18.00
Muon: 123 270431 209  60969 18.00
Muon: 124 274665 63  61836 18.00
Muon: 125 275380 167  62084 18.00
Muon: 126 276820 88  62283 18.00
Muon: 127 277893 35  62499 18.00
Muon: 128 279747 28  62975 18.00
Muon: 129 280698 224  63176 18.00
Muon: 130 284627 199  64067 18.00
Muon: 131 284963 79  64074 18.00
Muon: 132 285270 92  64294 18.00
Muon: 133 289851 403  65194 18.00
Muon: 134 292671 152  65891 18.00
Muon: 135 294368 79  66405 18.00
Muon: 136 295799 224  66602 18.00
Muon: 137 296388 199  66813 18.00
Muon: 138 299754 79  67468 18.00
Muon: 139 303275 79  68340 18.00
Muon: 140 304259 30  68555 18.00
Muon: 141 305726 83  68787 18.00
Muon: 142 306456 60  69036 18.00
Muon: 143 308227 103  69448 18.00
Muon: 144 309276 312  69683 18.00
Muon: 145 309578 48  69690 18.00
Muon: 146 311600 271  70140 18.00
Muon: 147 315604 204  71035 17.78
Muon: 148 317901 513  71489 17.35
Muon: 149 319627 76  71948 17.57
Muon: 150 320191 243  72227 17.57
Muon: 151 320583 497  72237 17.35
Muon: 152 321748 51  72479 17.57
Muon: 153 323218 465  72939 17.35
Muon: 154 323778 396  72946 17.35
Muon: 155 328500 408  74025 17.35
Muon: 156 331929 48  74670 17.35
Muon: 157 334603 224  75340 17.35
Muon: 158 335865 112  75557 17.35
Muon: 159 336209 590  75791 17.35
Muon: 160 339434 39  76449 17.35
Muon: 161 339535 28  76456 17.35
Muon: 162 340386 96  76692 17.35
Muon: 163 341958 254  76945 17.35
Muon: 164 342803 33  77155 17.35
Muon: 165 344478 115  77663 17.35
Muon: 166 345460 63  77923 17.35
Muon: 167 345838 478  77930 17.35
Muon: 168 347798 280  78359 17.35
Muon: 169 348397 302  78600 17.35
Muon: 170 352353 316  79515 17.35
Muon: 171 355597 319  80134 17.25
Muon: 172 357368 56  80569 17.35
Muon: 173 359943 409  81005 16.71
Muon: 174 364549 179  82123 16.82
Muon: 175 366549 35  82538 16.71
Muon: 176 368888 92  83018 16.71
Muon: 177 371286 31  83664 16.71
Muon: 178 374525 112  84333 16.71
Muon: 179 374765 255  84396 16.71
Muon: 180 375238 243  84636 16.71
Muon: 181 375454 62  84646 16.71
Muon: 182 376334 96  84902 16.71
Muon: 183 376684 335  84909 16.71
Muon: 184 378227 33  85335 16.71
Muon: 185 378718 121  85342 16.71
Muon: 186 378893 31  85354 16.71
Muon: 187 379704 241  85596 16.71
Muon: 188 380342 63  85855 16.71
Muon: 189 381535 88  86065 16.71
Muon: 190 382199 131  86292 16.71
Muon: 191 384907 335  86725 16.71
Muon: 192 387709 344  87401 16.71
Muon: 193 388424 399  87601 16.71
Muon: 194 390216 67  88095 16.71
Muon: 195 394454 39  88974 16.71
Muon: 196 398251 56  89866 16.71
Muon: 197 399231 71  90119 16.71
Muon: 198 411490 46  92763 16.71
Muon: 199 412625 492  92975 16.71
Muon: 200 412765 48  92982 16.71
Muon: 201 416528 120  93847 16.71
Muon: 202 418760 31  94319 16.71
Muon: 203 422963 67  95196 16.71
Muon: 204 431942 231  97171 16.71
Muon: 205 432953 179  97394 16.71
Muon: 206 435219 49  98086 16.71
Muon: 207 437288 305  98546 16.71
Muon: 208 439392 220  98946 16.71
Muon: 209 440428 318  99228 16.71
Muon: 210 440833 35  99240 16.71
Muon: 211 442458 39  99677 16.71
Muon: 212 446244 312  100544 16.71
Muon: 213 446261 79  100551 16.71
Muon: 214 446413 241  100558 16.71
Muon: 215 447353 659  100774 16.71
Muon: 216 448875 199  101007 16.71
Muon: 217 451201 319  101662 16.71
Muon: 218 451266 33  101669 16.71
Muon: 219 451620 216  101676 16.71
Muon: 220 453192 241  102156 16.71
Muon: 221 454376 428  102359 16.71
Muon: 222 459225 49  103475 16.71
Muon: 223 468638 35  105586 16.71
Muon: 224 479799 252  107942 16.71
Muon: 225 484838 300  109079 16.71
Muon: 226 486537 344  109502 16.71
Muon: 227 488813 28  109990 16.71
Muon: 228 491270 140  110648 16.49
Muon: 229 491806 600  110655 16.49
Muon: 230 493516 167  111116 16.71
Muon: 231 494338 24  111342 16.60
Muon: 232 495188 78  111585 16.60
Muon: 233 495406 56  111592 16.60
Muon: 234 496854 332  111787 16.49
Muon: 235 496943 112  111794 16.49
Muon: 236 497542 284  112006 16.60
Muon: 237 498729 48  112237 16.49
Muon: 238 499906 88  112536 16.49
Muon: 239 499953 112  112543 16.49
Muon: 240 504957 335  113604 16.39
Muon: 241 507344 199  114301 16.39
Muon: 242 510994 295  114944 16.39
Muon: 243 511985 103  115197 16.39
Muon: 244 512374 159  115401 16.39
Muon: 245 516758 231  116300 16.39
Muon: 246 517236 70  116523 16.39
Muon: 247 517981 254  116530 16.39
Muon: 248 523370 35  117863 16.39
Muon: 249 525350 222  118295 16.39
Muon: 250 528576 39  118935 16.39
Muon: 251 529790 115  119167 16.39
Muon: 252 531968 35  119660 16.39
Muon: 253 532494 408  119880 16.39
Muon: 254 532776 39  119887 16.39
Muon: 255 537302 199  120994 16.39
Muon: 256 537572 152  121005 16.39
Muon: 257 537919 28  121012 16.39
Muon: 258 545884 62  122794 16.39
Muon: 259 548747 127  123474 16.39
Muon: 260 549281 62  123716 16.39
Muon: 261 555651 31  125028 16.17
Muon: 262 559409 216  125893 16.39
Muon: 263 562206 287  126560 16.17
Muon: 264 563388 248  126777 15.96
Muon: 265 563782 304  126784 15.96
Muon: 266 564300 51  127022 15.74
Muon: 267 566603 428  127524 15.74
Muon: 268 567199 163  127743 15.96
Muon: 269 568822 79  127979 15.74
Muon: 270 571277 89  128643 15.74
Muon: 271 572307 143  128884 15.74
Muon: 272 574280 28  129339 15.74
Muon: 273 575881 57  129563 15.74
Muon: 274 576711 467  129803 15.74
Muon: 275 576912 263  129810 15.74
Muon: 276 578250 255  130270 15.74
Muon: 277 580284 124  130737 15.74
Muon: 278 580575 63  130744 15.74
Muon: 279 585201 167  131791 15.74
Muon: 280 589400 99  132664 15.74
Muon: 281 596655 44  134282 15.74
Muon: 282 600822 31  135177 15.74
Muon: 283 606666 39  136501 15.74
Muon: 284 611303 207  137591 15.74
Muon: 285 622882 192  139955 15.74
Muon: 286 624489 287  140408 15.74
Muon: 287 625658 211  140628 15.74
Muon: 288 625825 192  140640 15.74
Muon: 289 626819 145  140877 15.74
Muon: 290 627700 39  141131 15.74
Muon: 291 629702 31  141551 15.74
Muon: 292 635401 291  142941 15.74
Muon: 293 635761 83  142948 15.74
Muon: 294 637516 220  143386 15.74
Muon: 295 643397 150  144728 15.74
Muon: 296 644953 63  144943 15.74
Muon: 297 645780 163  145174 15.74
Muon: 298 646322 131  145422 15.74
Muon: 299 652893 67  146710 15.74
Muon: 300 653441 28  146946 15.74
Muon: 301 654311 60  147202 15.74
Muon: 302 660439 63  148516 15.74
Muon: 303 666379 316  149850 15.74
Muon: 304 670684 286  150710 15.74
Muon: 305 674890 56  151581 15.74
Muon: 306 677720 216  152270 15.74
Muon: 307 681751 153  153155 15.42
Muon: 308 685897 131  154050 15.10
Muon: 309 689207 156  154957 15.10
Muon: 310 690836 31  155219 14.78
Muon: 311 691203 92  155444 15.10
Muon: 312 698579 51  156991 14.56
Muon: 313 703766 56  158083 14.35
Muon: 314 712890 35  160088 14.35
Muon: 315 715937 51  160740 14.13
Muon: 316 717811 115  161199 14.13
Muon: 317 725943 224  162961 14.13
Muon: 318 727550 161  163429 14.13
Muon: 319 729902 161  163833 14.13
Muon: 320 733497 174  164706 14.13
Muon: 321 734327 344  164939 14.13
Muon: 322 737284 403  165596 14.13
Muon: 323 737454 391  165605 14.13
Muon: 324 738430 563  165901 14.13
Muon: 325 738937 227  165908 14.13
Muon: 326 739391 176  166161 14.13
Muon: 327 741620 33  166579 14.13
Muon: 328 743575 252  167065 14.13
Muon: 329 743758 385  167072 14.13
Muon: 330 745498 263  167499 14.13
Muon: 331 747947 30  167993 14.13
Muon: 332 748738 184  168201 14.13
Muon: 333 751504 167  168850 14.13
Muon: 334 751942 384  168857 14.13
Muon: 335 752719 31  169068 14.13
Muon: 336 752841 31  169075 14.13
Muon: 337 757563 263  170159 14.13
Muon: 338 759912 39  170600 14.13
Muon: 339 761332 144  171094 14.13
Muon: 340 762200 94  171343 14.13
Muon: 341 762612 252  171350 14.13
Muon: 342 764345 174  171767 14.13
Muon: 343 767815 60  172443 14.13
Muon: 344 771191 79  173338 14.13
Muon: 345 771811 204  173345 14.13
Muon: 346 772793 92  173571 14.13
Muon: 347 773576 352  173810 14.13
Muon: 348 776623 271  174486 14.13
Muon: 349 779638 30  175183 14.13
Muon: 350 779775 120  175190 14.13
Muon: 351 785302 78  176512 14.13
Muon: 352 787805 31  176919 14.13
Muon: 353 788913 35  177204 14.13
Muon: 354 789988 399  177457 14.13
Muon: 355 790702 124  177657 14.13
Muon: 356 791372 96  177874 14.13
Muon: 357 798587 263  179431 14.13
Muon: 358 799242 47  179653 14.13
Muon: 359 802704 254  180339 14.13
Muon: 360 805672 54  181048 14.13
Muon: 361 805920 88  181063 14.13
Muon: 362 806293 94  181272 14.13
Muon: 363 806677 112  181279 14.13
Muon: 364 809197 476  181929 14.13
Muon: 365 810568 35  182141 14.13
Muon: 366 811242 92  182372 14.13
Muon: 367 815241 355  183297 14.13
Muon: 368 816220 369  183545 14.13
Muon: 369 817207 49  183745 14.13
Muon: 370 819781 366  184187 14.13
Muon: 371 819801 423  184194 14.13
Muon: 372 821438 49  184639 14.13
Muon: 373 823248 527  185088 14.13
Muon: 374 823514 352  185095 14.13
Muon: 375 823633 286  185102 14.13
Muon: 376 824452 179  185358 14.13
Muon: 377 824697 63  185365 14.13
Muon: 378 825196 83  185569 14.13
Muon: 379 826692 35  185790 14.13
Muon: 380 830427 46  186691 14.13
Muon: 381 830755 224  186702 14.13
Muon: 382 831414 39  186997 14.13
Muon: 383 832759 195  187254 14.13
Muon: 384 834388 207  187682 14.13
Muon: 385 834687 56  187689 14.13
Muon: 386 835314 39  187931 14.13
Muon: 387 836361 44  188125 14.13
Muon: 388 843379 249  189653 14.13
Muon: 389 843568 323  189660 14.13
Muon: 390 848805 417  190731 14.13
Muon: 391 854641 159  192064 14.13
Muon: 392 855278 44  192318 14.13
Muon: 393 856896 230  192523 14.13
Muon: 394 856927 271  192530 14.13
Muon: 395 857776 227  192756 14.13
Muon: 396 859879 67  193309 14.13
Muon: 397 863580 92  194219 14.13
Muon: 398 867315 238  195074 14.13
Muon: 399 869770 472  195508 14.13
Muon: 400 873801 31  196378 14.13
Muon: 401 878201 147  197500 14.13
Muon: 402 879823 172  197705 14.13
Muon: 403 882263 224  198399 14.13
Muon: 404 882827 108  198406 14.13
Muon: 405 883777 135  198611 14.13
Muon: 406 885585 78  199068 14.13
Muon: 407 886492 316  199323 14.13
Muon: 408 889282 230  199981 14.13
